155.331787
355.396454
568.527649
692.393066
905.190918
1015.92316
1216.05457
1330.25342
1511.38489
1630.25037
1819.44849
1933.91394
2135.11206
2257.84399
2440.04224
2554.70776
2748.37256
2866.03809
3052.83618
3166.63501
3282.30054
3399.83276
3508.49829
3617.76392
3736.56274
3891.82764
3993.09351
4093.49243
4236.35742
4344.15674
4461.88867
4562.22119
4656.08691
4769.41895
4867.88477
4976.55029
5071.81592
5154.34863
5234.14746
5310.41357
5390.2793
5473.07861
5550.67773
5626.41064
5706.74316
5792.80859
5878.67432
5960.27393
6039.87305
6130.20557
6217.73779
6315.53662
6409.26904
6525.66797
6629.2002
6741.73242
6896.39746
6986.86328
7081.396
7234.32764
7339.92676
7448.05908
7552.99121
7705.18945
7990.05322
8389.64941
8566.84766
8669.51367
8853.64453
8951.44336
9060.64258
9251.84082
9354.50684
9472.10547
9575.30469
9681.83691
9848.23438
9942.83398
10030.8994
10115.8984
10196.7646
10279.0303
10359.1631
10439.4951
10505.9619
10572.5605
10631.7607
10678.4932
10722.8926
10761.8926
10797.7588
10830.7588
10862.6914
10893.2246
10921.624
10949.4902
10977.2236
11004.4902
11031.6895
11058.8223
11086.4229
11114.7559
11144.3555
11174.8213
11206.4209
11238.5547
11271.4209
11305.5537
11341.1533
11378.2861
11416.2861
11454.3525
11493.9521
11534.418
11575.418
11617.8174
11661.417
11706.75
11753.5488
11801.9482
11853.2812
11904.9473
11959.8809
12017.2129
12078.4121
12140.4121
12205.4111
12273.3438
12344.2764
12422.209
12499.4746
12581.4746
12669.9404
12764.4053
12856.3379
12952.3369
13070.3359
13179.8018
13280.8008
13387.333
13487.7314
13596.7979
13702.5967
13802.8623
13893.5947
14229.0576
14332.3896
14443.2559
14606.3877
14710.4531
14887.8516
14988.8506
15164.1152
15264.8477
15378.5127
15545.5781
15651.4434
15763.6426
15923.5742
16020.9727
16186.7715
16289.3037
16386.1699
16481.3027
16570.1016
16667.834
16786.9648
16887.5645
16971.2969
17067.7617
17217.8945
17305.6934
17403.8262
17487.625
17579.291
17676.7559
17814.9551
17913.4883
18003.4199
18094.4199
18200.2852
18305.2168
18461.748
18614.6797
18699.6133
18798.2129
19441.873
19738.7363
19942.2012
20041.0664
20182.998
20277.1309
20461.8613
20584.127
20688.9922
20809.2578
21002.0566
21108.1895
21223.7207
21332.7871
21446.1191
21553.252
21664.0508
21753.0488
21821.3145
21905.9805
21985.7129
22063.6465
22129.1777
22196.1777
22243.5117
22303.9766
22393.4434
22518.7754
22606.4414
22701.5723
22831.1719
22923.1699
23030.3691
23156.5684
23258.6348
23456.0312
23555.5645
23744.2949
23903.9609
24078.625
24172.6914
24327.7559
24495.2891
24604.0879
24736.8184
24809.6191
24878.6836
24941.3496
25051.6836
25227.4141
25335.1465
25487.4121
25597.7441
25797.8086
25899.4746
26013.8066
26109.2051
26290.8711
26386.2695
26472.9355
26552.4004
26638.9336
26721.4004
26806.2656
26896.998
26997.5977
27090.9961
27178.9277
27316.6602
27392.5918
27471.9922
27552.7246
27636.7227
27729.7891
27868.5215
27962.9199
28056.5195
28152.0527
28315.9844
28423.0488
28590.7148
28693.2461
28808.7793
28978.6426
29072.1758
29167.2422
29274.373
29375.1738
29501.7051
29661.2363
29762.5684
29875.1016
29968.5
30077.2988
30265.6973
30364.6973
30562.7617
30661.627
30846.0918
30954.4238
31167.0215
31261.1543
31446.752
31648.8164
31750.3496
31986.1465
32087.3457
32278.3438
32392.0098
32613.7402
32709.6055
32804.4062
32984.1367
33084.7344
33191.2695
33307.7344
33409.8672
33498.7305
33555.332
33609.2656
33656.1953
33700.2617
33743.8633
33785.7305
33829.1953
33873.3281
33911.1953
33951.1289
33991.125
34030.5938
34071.9258
34114.9922
34158.125
34204.3242
34250.5898
34291.0586
34335.457
34381.5234
34423.0547
34468.9219
34521.1211
34572.9219
34639.2539
34729.4531
34829.0508
34935.8516
35026.7812
35117.8477
35189.3164
35264.9805
35360.2461
35441.8438
35512.043
35570.1094
35635.1758
35719.1094
35793.5742
35877.043
35959.0391
36014.5742
36092.0391
36166.3711
36232.5039
36308.9688
36394.0352
36472.0352
36557.3672
36628.6328
36789.1641
36893.5625
37069.0977
37168.9609
37368.293
37464.625
37579.3594
37767.8906
37855.0195
37956.4219
38113.1523
38198.0859
38377.082
38469.9492
38670.0781
38768.6133
38927.4102
39023.6758
39130.4766
39255.5391
39339.2734
39402.1406
39479.207
39568.8047
39657.0039
39750.8008
39848.7344
39933.4688
40040
40150.3984
40234.0625
40307.0625
40430.3945
40528.3281
40625.3945
40710.2578
40808.9258
40963.8555
41141.9883
41232.4531
41323.3867
41435.7188
41536.1172
41639.582
41731.5156
41818.5156
41931.3125
42072.5117
42173.2461
42298.7109
42375.043
42455.375
42553.3086
42636.1055
42730.1719
42824.3711
42957.1719
43046.5703
43138.0352
43260.3008
43410.832
43490.0312
43582.8984
43683.4961
43848.4961
43937.8281
44121.5586
44230.5586
44419.8242
44531.1562
44730.4844
44834.3516
45039.0156
45140.2148
45231.8828
45309.0117
45371.0781
45453.8789
45552.4766
45624.4102
45706.6758
45793.6758
45890.4062
45981.875
46069.4727
46165.8711
46228.7383
46290.0039
46357.2695
46443.8008
46614.5352
46715.668
46831.7969
46920.8633
47024.0625
47077.9961
47152.9297
47231.1289
47305.3945
47362.6602
47416.1914
47476.0586
47522.3906
47560.125
47598.5898
47634.7227
47666.7891
47693.5898
47716.1914
47739.9219
47767.1211
47796.7227
47824.1211
47854.0547
47887.2539
47920.3867
47954.5859
47988.9883
48017.3203
48041.6523
48063.0508
48083.9844
48104.9844
48126.0508
48148.1836
48171.8516
48196.5195
48223.3164
48248.8516
48272.8516
48297.6484
48324.1172
48352.1172
48379.7812
48409.5156
48440.4492
48477.4492
48518.0469
48564.7148
48611.7812
48666.3789
48732.9141
48814.9102
48896.3125
48984.8438
49106.5078
49269.0391
49373.707
49557.5703
49655.9023
49840.2344
49933.0352
50103.3672
50200.6328
50277.0312
50452.8281
50548.8945
50721.4922
50818.8242
50907.4922
51002.625
51093.0898
51181.0898
51267.9531
51358.4883
51449.1523
51554.3516
51641.6836
51738.1484
51848.4805
52002.0781
52104.0781
52252.543
52351.9414
52512.207
52602.8086
52683.0078
52763.5391
52842.5391
52921.7383
53009.4023
53131.668
53289.4688
53366.8672
53477.5977
53661.2617
53761.8633
53954.3945
54053.9922
54233.3242
54344.3906
54531.2539
54629.3867
54826.25
54921.25
55104.6484
55204.5156
55403.5781
55502.6445
55688.9766
55787.2422
55987.7734
56087.7734
56283.2383
56380.5039
56474.5
56586.8359
56682.6328
56765.0312
56855.6328
57032.6289
57114.5625
57200.0938
57291.6289
57457.5586
57550.1562
57654.2891
57834.6211
57936.0195
58141.1523
58239.0195
58351.082
58564.6133
58655.4805
58815.4766
58909.8125
59009.875
59178.6094
59275.1406
59472.6719
59695.8711
59848.8672
59953.4023
60057.2656
60157.5312
60241.332
60319.0625
60394.7969
60469.2617
60549.4609
60632.2617
60707.9258
60790.8594
60848.2578
60895.3242
60951.2578
61026.125
61143.9219
61241.4531
61340.1875
61479.6523
61572.3828
61654.25
61716.6484
61776.6484
61867.1797
62047.4453
62137.1133
62332.2422
62426.4414
62645.1719
62742.5742
62845.7031
63012.5039
63111.7695
63223.3672
63400.5664
63489.6328
63591.7656
63689.6953
63793.1602
63872.0273
63971.6953
64160.293
64255.0898
64360.0898
64444.4219
64623.6211
64728.7539
64930.2188
65030.2148
65230.0156
65326.8125
65437.5469
65625.7422
65723.9453
65900.7422
66012.8047
66217.4062
66322.7344
66480.2031
66692.7969
66797.3984
67016.2656
67117.5938
67339.9297
67431.6562
67659.5938
67758.9219
67997.7188
68103.3203
68335.6484
68439.5156
68678.3125
68782.5156
68980.1797
69411.7734
69529.5078
69673.4375
69750.9688
69843.9688
69937.9688
70095.5625
70180.5
70271.9609
70355.6953
70435.5625
70539.4922
70712.5625
70806.6953
71000.0938
71082.7578
71187.7578
71340.4844
71425.6875
71522.6172
71712.2188
71811.6172
72010.9453
72109.2109
72313.9453
72419.2109
72631.7422
72734.2734
72841.9375
73034.8672
73138.8047
73343.6641
73444.3984
73562.2656
73786.8594
73883.3906
74083.125
74183.0547
74397.2578
74496.6562
74694.5859
74808.25
75034.3828
75141.0469
75349.6484
75455.5156
75680.9062
75773.1719
75967.6406
76066.4375
76261.7734
76351.3047
76453.2344
76660.8984
76758.1016
76930.6328
77027.3594
77205.7578
77302.8906
77401.0234
77599.1562
77697.4922
77793.2188
77891.6875
77985.2188
78080.1562
78168.2812
78288.8203
78406.2188
78509.3516
78677.5469
78770.8828
79068.7422
79158.6094
79256.1406
79353.2734
79450.6719
79639.1406
79723.3359
79818.4688
79936.6016
80127.7969
80229.8672
80432.7969
80535.6641
80754.1953
80851.9219
81067.3203
81172.9219
81367.4531
81477.1875
81764.0469
81985.1172
82115.375
82218.5781
82401.2422
82600.7109
82708.375
82797.6406
82880.1016
82936.0391
83004.6328
83059.5703
83111.7031
83177.3672
83224.7031
83263.2344
83304.2969
83370.5625
83458.8359
83560.3672
83630.2266
83702.0312
83778.2266
83855.8281
83936.8281
84004.9609
84054.5625
84089.4922
84126.6953
84161.3594
84192.4219
84222.0234
84253.6875
84289.1562
84326.7578
84367.3594
84411.0234
84461.625
84534.7578
84605.1562
84670.9531
84736.0859
84797.6875
84866.75
84946.4844
85017.6172
85069.5469
85126.5469
85184.2109
85258.1484
85339.6094
85409.6797
85487.9453
85571.875
85645.5469
85741.875
85847.4062
85914.0078
85964.0703
86021.3359
86085.8047
86147.2734
86221.6719
86278.1406
86332.8672
86398.3359
86478.3984
86549.6016
86629.7344
86702.2031
86749.1953
86803.3281
86850.3984
86904.0625
86961.1953
87019.3984
87094.0625
87184.9922
87349.9297
87452.2578
87542.7266
87717.3203
87816.5234
88003.7188
88096.25
88291.7812
88396.4531
88559.5156
88774.5781
88875.375
89067.7734
89180.7109
89378.8359
89470.0391
89543.6406
89601.8359
89653.5
89693.5
89734.8359
89780.1719
89834.7656
89889.1016
89950.2969
90021.9688
90088.8984
90131.5
90171.2969
90228.2344
90289.5625
90361.6328
90432.6953
90498.8281
90579.6953
90653.8906
90724.625
90801.6953
90871.4219
90947.5547
91021.8906
91079.625
91122.9531
91161.4219
91213.2891
91276.2188
91362.2188
91443.4219
91534.0156
91600.8828
91663.0859
91724.2812
91797.6797
91869.9453
92034.3438
92137.0781
92344.1406
92448.2109
92645.4766
92832.1406
92926.7344
93037.8672
93147.4688
93261.8672
93361.2656
93476.6641
93552.6016
93638.1953
93722.9297
93802.125
93878.3984
93951.1953
94032.0625
94122.7891
94200.2578
94290.9219
94369.9922
94438.5859
94492.0547
94565.6562
94632.5234
94671.25
94701.1875
94741.1172
94780.1172
94823.3203
94867.1875
94917.25
94968.3828
95021.6484
95081.3828
95145.9141
95204.6484
95256.4453
95296.7109
95345.6484
95404.9141
95469.375
95555.3125
95641.1094
95781.8438
95873.5781
95966.5078
96044.0391
96110.0391
96173.1016
96332.5703
96413.7031
96587.1016
96674.7656
96861.6328
96969.5
97139.625
97239.6953
97325.0234
97456.0938
97609.625
97690.5547
97777.0234
97870.3516
97951.9531
98033.4219
98117.3516
98198.75
98286.4844
98361.4844
98438.0859
98480.5469
98502.75
98527.2812
98549.1484
98572.2109
98593.75
98617.9453
98643.8125
98673.8828
98706.8125
98742.8125
98783.0781
98826.8125
98870.2812
98912.8125
98957.3438
99010.0078
99067.4766
99122.1406
99180.6719
99232.4062
99252.4766
99275.3438
99297.5391
99325.0078
99359.8047
99391.9375
99424.0703
99462.0703
99506.7344
99563.6719
99627.8047
99687.6016
99732.8672
99786.4688
99844.4688
99891.1328
99975.5312
100077
100147.93
100170.93
100189.328
100208.266
100227.328
100246.461
100266.133
100286
100306.664
100328.461
100351.266
100376.461
100403.195
100433.797
100466.398
100502.664
100539.328
100583.664
100661.523
100680.391
100698.062
100714.391
100730.328
100745.789
100762.328
100779.391
100796.656
100815.125
100832.328
100851.461
100869.258
100887.727
100907.125
100927.992
100951.523
100976.656
101003.055
101031.922
101061.922
101092.859
101124.992
101154.188
101187.391
101222.922
101260.586
101299.25
101339.523
101376.789
101417.852
101460.453
101504.188
101541.25
101581.781
101627.516
101677.914
101735.312
101794.781
101852.25
101916.914
101987.312
102068.977
102159.844
102275.109
102372.641
102480.508
102596.172
102735.109
102841.703
102954.703
103048.5
103156.57
103261.297
103428.695
103536.031
103647.695
103779.625
103915.031
104060.625
104171.555
104368.023
104470.688
104690.352
104805.82
105018.547
105140.016
105317.414
105439.547
105591.812
105700.68
105854.945
106036.273
106129.602
106239.008
106381.734
106474.805
106565.203
106679.398
106855.266
106947.797
107087.398
107266.992
107363.258
107472.922
107651.055
107753.586
107874.984
108045.922
108157.852
108265.852
108421.312
108524.18
108620.711
108715.047
108894.312
108987.242
109084.375
109176.977
109280.844
109471.375
109564.367
109673.039
109780.172
109952.766
110048.297
110133.43
110250.43
110351.164
110455.961
110548.625
110653.297
110784.562
110945.891
111035.492
111120.492
111255.156
111359.156
111478.82
111679.953
111767.547
111858.484
111965.477
112115.945
112219.945
112373.945
112469.406
112924.07
113023.133
113118.07
113243.531
113408.531
113498.734
113601.797
113706.93
113817.125
113934.523
114040.328
114117.391
114187.258
114259.594
114353.859
114438.719
114535.789
114619.719
114708.852
114814.984
114967.383
115165.25
115271.711
115457.047
115664.312
115779.906
115955.844
116177.906
116285.836
116493.969
116611.438
116803.164
116919.164
117093.359
117198.758
117381.359
117451.094
117623.625
117723.492
117827.289
117944.086
118043.086
118139.422
118283.484
118380.414
118482.945
118674.148
118754.016
118838.68
118932.742
119020.742
119123.008
119210.742
119293.609
119393.141
119491.203
119571.938
119673.406
119790.336
119894
119985.469
120143.93
120253
120417.797
120531.727
120701.727
120811.055
120980.727
121095.055
121278.453
121382.984
121567.32
121764.18
121856.578
122068.648
122180.312
122394.508
122504.906
122701.641
122921.172
123038.906
123251.438
123363.164
123591.961
123704.766
123836.625
124033.023
124137.023
124228.094
124315.492
124404.289
124507.156
124620.086
124695.617
124763.688
124829.688
124909.352
124963.953
125030.617
125112.281
125189.352
125280.344
125424.477
125510.68
125610.547
125696.406
125779.477
125859.938
125922.477
126001.938
126117.141
126276.938
126394.07
126523.336
126624.867
126773.797
126885.062
126979.867
127072.133
127163.859
127245.195
127325.992
127401.461
127476.992
127554.258
127632.523
127756.391
127890.523
128062.922
128151.25
128243.648
128410.25
128494.852
128642.25
128734.914
128824.648
128897.781
128977.375
129107.773
129193.242
129275.641
129361.508
129442.375
129590.773
129694.172
129850.438
129935.234
130028.703
130199.766
130288.898
130385.297
130555.695
130645.359
130817.422
130929.422
131105.359
131194.281
131291.281
131749.812
131857.875
132044.281
132141.609
132255.875
132363.406
132474.875
132568.812
132644.609
132694.469
132753.672
132804.672
132866.266
132939.797
133007.531
133085.203
133158.266
133211.328
133242.062
133276.469
133301.406
133322.734
133343
133362.328
133381
133398.938
133417.328
133436.125
133456.469
133484.797
133518.125
133552.531
133591.328
133634.203
133679.203
133726.125
133779.203
133853.531
133951.062
134023.391
134078.531
134146.984
134230.797
134309.656
134764.188
134828.312
134985.516
135046.188
135104.781
135161.781
135218.844
135258.844
135316.844
135370.906
135434.109
135494.25
135552.047
135613.438
135684.312
135741.578
135792.781
135895.844
135932.375
136096.703
136117.703
136139.031
136159.641
136180.578
136202.109
136225.234
136250.234
136275.906
136581.562
136637.094
136693.234
136901.625
137077.297
137148.766
137222.625
137255.953
137313.094
137452.625
137585.953
137637.422
137698.422
138361.891
138527.875
138711.609
138824.672
139017.344
139218.141
139318.609
139424.344
139514.406
139583.672
139630.531
139697.938
139767.797
139847.203
139928.938
140009.406
140076.531
140151.062
140218.859
140277.328
140358.469
140435.656
140504.859
140564.797
140629.328
140684.328
140753.531
140834.859
140917.531
140995.656
141110.859
141179.25
141240.859
141310.25
141397.516
141505.188
141560.391
141637.844
141717.719
141815.578
141915.641
141985.453
142044.906
142110.109
142169.781
142234.047
142322.641
142416.969
142542.047
142635.109
142756.641
142897.031
143080.375
143293.172
143485.703
143697.828
143929.688
144125.766
144326.422
144447.562
144567.422
144760.812
144886.344
145072.547
145182.422
145297.875
145458.281
145561.141
145676.812
145790.547
145880.203
145982.406
146093.938
146183
146302.469
146383.797
146457.734
146536.672
146595.469
146634.328
146677.672
146725.594
146778.734
146844.859
146919
146988
147082.734
147177.859
147258.453
147372.391
147543.531
147731.984
147849.25
147955.984
148064.859
148156.25
148240.516
148306.719
148373.656
148438.719
148512.984
148569.25
148613.453
148680.047
148754.781
148815.781
148884.375
148940.438
148999.984
149055.047
149096.375
149130.844
149168.516
149205.047
149242.109
149279.578
149319.047
149359.047
149400.766
149446.906
149495.844
149557.578
149631.703
149710.844
149799.828
149898.828
150031.297
150128.359
150271.969
150362.625
150472.031
150615.953
150719.422
150915.953
151030.094
151191.625
151395.219
151503.625
151690.609
151888.609
151984.953
152070.406
152169.344
152258.875
152363.141
152440.672
152512.875
152583.875
152648.734
152729
152812.469
153055.062
153195
153342.938
153454.406
153574.203
153755.203
153867.656
154064.531
154263.25
154360.922
154480.062
154572.047
154650.781
154738.391
154823.188
154913.781
155014.312
155102.656
155157.516
155187.312
155217.453
155245.188
155273.641
155299.984
155327.906
155358.844
155394.109
155433.25
155476.172
155551.375
155651.172
155813.844
155978.172
156152.906
156351.906
156458.438
156565.906
156742.625
156949.828
157066.422
157263.297
157379.5
157485.094
157666.422
157765.891
157877.219
158054.75
158233.422
158344.078
158440.688
158539.547
158636.812
158720.281
158799.812
158877.078
158910.938
158965.875
159005.672
159051.469
159103.016
159149.281
159192.609
159240.938
159310.344
159387.344
159471.266
159572.141
159673.344
159749.469
159845.141
159932.797
160038.594
160126.469
160209.469
160281.531
160374.594
160443.328
160503.188
160584.062
160635.188
160691.797
160759.531
160852.922
160953.719
161033.797
161105.328
161186.062
161271.453
161384.922
161463.578
161548.391
161635.25
161700.781
161836.312
161967.516
162092.641
162184.781
162254.703
162377.312
162507.438
162588.578
162656.109
162688.906
162746.578
162821.578
162911.172
163011.375
163109.438
163180.562
163278.438
163380.703
163472.625
163586.234
163773.156
163863.5
164048.219
164253.297
164399.891
164614.75
164849.156
165104.609
165207.281
165450.875
165950.875
166060.078
166181.266
166367.531
166562.938
166674.938
166891.391
166995.531
167178.328
167359.125
167462.859
167682.922
167794.859
168005.391
168101.922
168210.391
168363.453
168470.188
168560.312
168710.516
168809.438
168966.047
169073.578
169256.969
169345.438
169437.703
169530.031
169654.703
169745.297
169812.766
169889.703
169967.828
170046.438
170123.234
170182.031
170241.172
170307.234
170377.703
170453.562
170530.094
170607.031
170692.688
170782.625
170918.828
171011.562
171133.828
171232.625
171382.219
171447.891
171525.422
171620.891
171734.344
171824.141
171920.875
172015.141
172131.547
172234.016
172319.406
172422.75
172520.281
172658.078
172824.672
172925.875
173067.344
173160.609
173322.938
173414.531
173519.203
173635.391
173781
173905.328
173968.859
174017.531
174060.328
174110.859
174161.656
174216.859
174294.594
174393.594
174492.984
174578.922
174650.656
174704.859
174745.25
174779.516
174815.781
174847.312
174878.188
174910.578
174942.984
174977.391
175014.578
175053.516
175095.719
175142.047
175192.25
175248.516
175304.781
175363.172
175426.172
175490.25
175561.109
175675.172
175775.438
175936.844
176106.5
176226.031
176397.438
176584.172
176784.969
176886.234
177125.234
177228.422
177351.359
177576.094
177677.953
177905.75
178010.75
178231.156
178337.219
178514.688
178858.016
178972.406
179228.406
179340.875
179587.078
179842.328
179953.594
180168.594
180400.859
180513.328
180707.594
180927.797
181040.391
181277.656
181392.25
181606.516
181718.453
181906.312
182020.312
182242.109
182346.703
182566.781
182767.766
182875.703
183094.641
183202.094
183319.906
183514.703
183611.891
183821.156
183913.5
184104.766
184204.953
184313.75
184430.75
184633.484
184726.688
184811.75
184865.016
184918.953
184978.219
185027.953
185075.609
185121.281
185168.281
185214.875
185265.875
185322.141
185390.406
185464.141
185542.672
185624.281
185723.141
185814.672
185930.875
186052.406
186153.266
186303.672
186400.531
186538.406
186723.406
186889.797
187142.125
187235.656
187342.391
187396.125
187451.188
187516.391
187569.125
187622.125
187682.391
187745.188
187817.859
187870.391
187932.047
187996.719
188071.047
188171.047
188276.188
188367.578
188454.781
188588.641
188776.312
188881.719
189092.109
189191.969
189448.5
189549.906
189773.5
190004.031
190097.031
190311.094
190424.562
190638.688
190727.031
190936.094
191035.219
191220.828
191322.359
191500.625
191601.812
191784.688
191872.141
191976.688
192152.547
192257.609
192331.75
192421.469
192517.734
192709.672
192808.469
192897.203
192984.797
193075.609
193155.406
193240.938
193323.797
193411.062
193492.469
193575.125
193641.125
193686.734
193744
193826.062
193904.266
194004
194117.125
194225.859
194337.984
194487.781
194592.047
194773.453
194875.844
195073.844
195176.516
195385.781
195488.109
195593.984
195765.844
195833.844
195884.234
195957.109
196061.641
196241.703
196336.234
196430.828
196539.094
196742.625
196840.094
197029.094
197137.156
197329.562
197430.094
197623.828
197732.219
197929.75
198041.812
198223.078
198326.219
198445.875
198547.812
198660.016
198744.953
198794.672
198838.875
198870.344
198895.875
198918.547
198940.281
198961.75
198982.875
199003.875
199025.547
199048.875
199072.281
199094.812
199116.734
199137.078
199156.672
199177.875
199208.734
199235.203
199263.078
199293.734
199326.547
199361.469
199397.938
199435.938
199475.734
199519.609
199566.078
199616.875
199670.609
199733
199800.609
199872.594
199950.469
200048.328
200197.062
200296.203
200402.203
200571.531
200659.453
200760
200884.719
201048.328
201150.25
201353.125
201452.391
201543.984
201619.188
201831.047
201922.641
202038.906
202204.047
202394.641
202623.234
202725.234
202935.109
203031.375
203216.562
203317.172
203503.625
203602.156
203817.562
203918.422
204132.766
204231.359
204410.156
204506.891
204690.953
204800.016
204985.484
205185.875
205286.016
205378.484
205507.812
205595.875
205671.938
205755.344
205843.344
205919.672
205997.203
206073.406
206160.875
206280.875
206357.797
206395.938
206424.797
206451.609
206473.672
206493.875
206513.938
206534.203
206555.469
206577.266
206599.328
206622.672
206646.734
206674.328
206704.469
206737.203
206772.797
206811.062
206853.203
206951.266
207187
207265.453
207357.859
207439.797
207526.328
207610.25
207730.125
207812.328
207891.391
207980.125
208076.859
208159.719
208267.453
208359.844
208458.578
208528.641
208606.25
208689.047
208785.984
208897.578
208998.375
209081.438
209166.375
209246.109
209336.703
209393.047
209454.703
209537.5
209650.906
209742.297
209839.234
209931.094
210013.641
210086.094
210158.891
210234.172
210309.703
210396.234
210541.891
210687.5
210789.562
210876.422
210969.422
211053.156
211111.828
211172.688
211239.281
211280.094
211319.156
211353.953
211389.219
211424.547
211458.422
211499.812
211544.688
211596.953
211711.75
211795.75
211873.875
211969.609
212038.344
212094.344
212154.078
212212.078
212248.281
212294.547
212357.812
212434.406
212589.078
212667.469
212756.266
212941.734
213105.609
213226.734
213407.125
213516.125
213690.328
213791
213887.531
214068
214157.922
214661.516
214760.188
214974.453
215075.109
215194.25
215352.312
215459.844
215657.047
215760.781
215964.234
216070.109
216204.234
216311.031
216421.703
216577.375
216659.031
216741.828
216814.562
216877.031
216932.703
216969.625
217010.438
217050.625
217093.031
217137.359
217181.359
217231.688
217282.094
217320.156
217354.359
217387.953
217420.359
217448.297
217471.828
217494.891
217519.094
217544.562
217575.688
217612.297
217650.297
217695.484
217742.422
217792.562
217824.953
217863.484
217898.359
217927.359
217978.953
218043.688
218113.281
218188.953
218252.953
218326.75
218421.156
218544.609
218663.016
218763.75
218854.75
218926.203
219055.609
219163.875
219219.281
219284.938
219366.141
219439.734
219542.406
219625.531
219801.875
220007.266
220112
220284.656
220441.922
220493
220572.797
220684.531
220866.797
220974.062
221103.516
221326.594
221434.188
221619.109
221712.25
221805.984
221887.578
221988.453
222136.516
222204.844
222391.172
222487.312
222564.234
222646.375
222721.312
222787.5
222842.641
222908.031
222985.766
223059.703
223144.641
223220.828
223292.5
223366.094
223432.766
223492.562
223566.094
223641.297
223711.703
223797.625
223883.297
223959.234
224026.094
224072.891
224147.688
224219.953
224288.625
224353.828
224405.562
224461.281
224518.891
224581.75
224656.953
224741.219
224815.484
224891.547
224961.281
225038.75
225139.484
225231.016
225311.953
225385.812
225502.812
225593.938
225707.938
225802.078
225913.078
225990.938
226103.141
226187.266
226281.203
226365.141
226433.203
226491.328
226539.141
226592.531
226649.406
226727.594
226825.203
226923
227002.469
227098.266
227175
227254.391
227332.797
227434.656
227635.062
227709.516
227782.188
227881.859
227981.047
228085.719
228165.781
228276.516
228398.453
228545.25
228720.172
228902.312
229001.984
229159.781
229265.844
229384.109
229547.969
229735.172
229849.375
229997.828
230106.172
230197.562
230335.828
230459.094
230566.359
230657.891
230773.156
230851.562
230991.422
231168.891
231338.688
231434.75
231534.422
231591.156
231622.484
231650.688
231676.75
231703.281
231729.484
231755.875
231783.75
231813.016
231843.484
231875.688
231910.219
231947.75
231986.953
232028.406
232073.484
232119.672
232168.406
232224.078
232289.609
232358.203
232435.203
232491.406
232574.734
232667.812
232723.875
232777.078
232845.406
232966.406
233096.406
233193.734
233277.875
233410.203
233566.469
233667.266
233813.188
233910.797
234006.391
234105.719
234186.719
234268.062
234344.391
234421.391
234506.719
234580.391
234663.047
234768.922
234918.047
235018.453
235175.719
235296.516
235482.375
235581.312
235724.844
235894.047
236073.969
236265.109
236384.5
236598.766
236784.625
237648.625
237853.484
237979.219
238185.281
238382.219
238469.812
238576.875
238670.141
238765.609
238868.406
238963.812
239073.75
239194.547
239285.281
239373.203
239446.344
239531
239608.672
239691.266
239822.203
239920.203
239997.531
240066.672
240131.203
240181.672
240242.797
240319.594
240416.734
240522.656
240698.453
240870.453
241082.984
241202.719
241407.984
241611.047
241736.719
241822.922
241952.188
242094.641
242195.312
242292.438
242383.25
242489.312
242582.375
242657.109
242717.578
242800.906
242888.5
242987.641
243071.5
243156.297
243243.438
243347.031
243493.5
243698.703
243901.766
243992.625
244057.625
244146.625
244192.031
244241.953
244292.891
244342.484
244395.156
244450.281
244498.562
244541.75
244584.156
244619.219
244653.422
244677.688
244698.688
244718.016
244738.953
244762.359
244804.75
244849.281
244976.016
245060.156
245158.219
245298.875
245489.344
245584.672
245762.75
245872.547
245983.141
246140.266
246349.672
246460
246677.062
246783.406
246993.125
247100.125
247286.594
247398.922
247593.531
247708.516
247815.328
247985.453
248166.453
248344.984
248460.25
248645.906
248735.578
248818.109
248884.781
248953.984
249016.047
249102.109
249275.438
249369.766
249471.234
249557.578
249667.703
249759.234
249845.703
249935.641
250041.297
250094.906
250133.172
250171.625
250201.172
250227.828
250254.5
250280.766
250306.156
250348.438
250393.094
250458.625
250531.359
250619.359
250714.766
250818.484
250903.297
250973.031
251057.75
251143.828
251206.828
251292.953
251354.484
251401.891
251465.75
251515.75
251551.75
251598.078
251663.484
251750.609
251823.344
251892.688
251944.484
252088.875
252181.344
252386.406
252600.344
252689.672
252784.203
252874.609
252927.734
252989.797
253041.875
253118.062
253322.203
253424.672
253614.266
253715.594
253922.188
254134.188
254239.125
254457.391
254569.328
254778.656
254893.391
255096.844
255217.375
255451.984
255566.781
255800.375
255919.844
256125.969
256236.234
256317.031
256405.703
256506.969
256590.094
256668.5
256751.562
256831.625
256915.625
257003.031
257094.703
257183.891
257278.422
257358.156
257459.625
257533.891
257609.75
257680.422
257749.688
257818.094
257881.016
257940.828
257992.953
258065.547
258130.891
258192.75
258267.484
258359.609
258540.219
258629.812
258716.609
258774.812
258824.484
258884.281
258981.875
259070.875
259126.469
259150.469
259173.609
259194.812
259214.609
259234.203
259255
259276.469
259298.547
259319.469
259342.734
259365.203
259389.344
259416.266
259445.406
259476.203
259507.531
259539.266
259574.344
259609.406
259643.938
259670.672
259704.531
259742.734
259783.328
259828.406
259883.469
259920.797
259950.062
259974.406
259998.734
260020.266
260041.266
260060.938
260080.797
260102.594
260123.328
260144.859
260166.328
260188.594
260213.062
260239.531
260268.859
260302.125
260338.734
260379.656
260426.859
260530.125
260593
260675.266
260733.391
260821.531
260965.25
261030.453
261125.984
261161.328
261230.516
261367.125
261452.719
261552.578
261641.578
261754.984
261841.375
261903.375
261956.25
262008.906
262056.453
262103.781
262149.438
262186.781
262226.25
262269.438
262308.125
262337.719
262374.969
262406.188
262460.094
262510.094
262582.312
262659.781
262734.844
262815.312
262888.844
263042.438
263139.625
263230.438
263320.562
263380.688
263411.5
263460.219
263495.031
263525.844
263569.312
263634.094
263702.219
263756.906
263808.031
263858.75
263915.562
264009.094
264069.75
264132.969
264230.094
264365.562
264458.625
264558.812
264670.406
264856.812
264945.344
264984.469
265052.688
265079.281
265111.812
265161.812
265235.875
265408.875
265515.875
265684.625
265769.469
265856.688
265941.75
266056.062
266151.875
266238.656
266313
266383.938
266441.594
266495.875
266543.812
266582.188
266628.531
266672.938
266711.344
266751.469
266794.938
266833
266867.25
266901.125
266949.188
267000.344
267038.125
267090.656
267154.25
267197.062
267259.25
267316.406
267394.781
267464.125
267518
267607.938
267675.062
267747
267812.906
267892.062
268017.719
268128.312
268222
268310.438
268389.375
268456.125
268522.062
268603.125
268726.781
268825.906
268946.719
269049.656
269118.969
269331.969
269502.094
269694.031
269900.438
270012.562
270183.031
270270.625
270443.5
270568.219
270614.219
270653.688
270684.375
270713.812
270740.344
270767.156
270794.156
270822.812
270854.5
270889.281
270927.031
270970.969
271021.438
271089.5
271243.969
271354.75
271512.938
271719.75
271835.938
272064.938
272172.344
272401
272511.219
272739
272855.875
273075.875
273184.656
273376.938
273465.188
273578.594
273731.188
273826.938
273986.406
274196.531
274315.781
274442.938
274642.906
274828.906
274954.719
275168.844
275279.062
275462.5
275574.25
275667.844
275767.094
275856.25
275937.438
276046.625
276166.906
276270.625
276357.312
276436.312
276513.156
276569.438
276639.094
276743.906
276918.219
277061.688
277235.156
277464.969
277560.156
277744.969
277849.281
277954.969
278079.938
278182.406
278280.281
278438.469
278528.281
278629.75
278733.875
278826.281
278902.938
278954.156
279010
279069.406
279138
279213.281
279281.469
279340.344
279393.594
279445.75
279500.594
279555.75
279606.938
279659.938
279702.594
279746.75
279792.75
279826
279859.062
279886.062
279907.594
279928.344
279949.656
279971.469
279993.531
280016.656
280041
280066
280091
280115.594
280142.125
280166.344
280190.594
280213.531
280236.594
280260.125
280282.25
280307.812
280333.656
280356.25
280383.344
280412.938
280444.469
280476.406
280508.938
280541.781
280574.594
280609.406
280647.594
280689.312
280733.938
280781.406
280824.188
280852.656
280895.531
280945.062
281004.25
281061.375
281116.188
281158.062
281198.062
281250.594
281311.375
281368.531
281433.188
281487.125
281547.781
281618.969
281733.906
281830.438
281897.375
281993.656
282080.031
282157.906
282229.781
282312.031
282385.031
282465.656
282554.719
282647.25
282759.438
282897.906
283027.094
283124.625
283256.5
283356.312
283517.844
283613.906
283749.438
283918.562
284022.156
284148.031
284248.344
284349.438
284497.406
284590.281
284759.406
284859.5
285042.031
285141.094
285307.562
285473.875
285638.406
285747.688
285922.594
286123.344
286218.812
286399.594
286521.75
286621.875
286766.531
286868.938
287031.469
287137.344
287240.781
287319
287432.938
287609.062
287721.938
287886.719
287963.656
288048.188
288168.062
288359.844
288461.719
288634.375
288731.188
288916.969
289099.5
289207.5
289384.719
289489.25
289658.719
289834.156
289991.906
290109.906
290296.75
290479.156
290648.812
290756.906
290896.031
291037.219
291208.875
291368.938
291555.75
291666.031
291789.406
291882.469
291969.406
292121.812
292244.531
292349
292448.875
292553.938
292663.125
292801.344
292885.219
292974.406
293063.594
293148.281
293244
293505.125
293597.594
293693.719
293845.781
293960.781
294148.188
294259.719
294487.062
294598.25
294796.656
294912.188
295002.594
295205.312
295311.656
295526.781
295638.031
295860.094
295961.844
296076.969
296232.094
296337.625
296513.844
296604.562
296707.781
296833.5
297026.75
297123.031
297289.438
297395.562
297499.5
297663.625
297775.688
297903.344
298023.75
298130.094
298228.562
298310.406
298367.75
298413.625
298473.688
298539.219
298617.219
298677.875
298708.625
298745.469
298772.406
298798.094
298820.875
298845.406
298875.344
298911.812
298954.062
299008.875
299073.281
299182.219
299263.219
299349
299409.594
299452.062
299498.469
299550.531
299598.125
299643.281
299695.406
299754.406
299812.406
299850.469
299888
299923.875
299966.875
299994.938
300035.406
300079.531
300124.25
300184.812
300245.875
300345.344
300415.875
300555.188
300645.188
300801.312
300895.188
300986.531
301074.594
301152.844
301191.312
301230.906
301276.469
301329.781
301397.062
301458.375
301530.594
301597.438
301668.062
301724.531
301779.25
301833.312
301895.906
301973.594
302049.438
302107.969
302150.594
302200.562
302251.656
302319.781
302369.969
302423.25
302487.656
302587.438
302691.375
302813.969
302882.5
303029.25
303187.375
303377.438
303488.562
303709.094
303812.031
304003.625
304227.812
304340.094
304550.812
304661.031
304887.688
304993.156
305193.281
305309.531
305497.531
305597.688
305657.406
305729.156
305817.75
305909.406
306004.125
306098.219
306198.656
306302.656
306406.125
306508.062
306609.719
306736.125
306822.469
306941.812
307044.594
307140.25
307231.656
307327.938
307420.938
307515.594
307661.188
307829
308014.594
308126.125
308268.531
308358.844
308481.5
308574.312
308661.188
308752.781
308827.25
308885.125
308963.438
309065.094
309176.438
309257.906
309374.719
309554.25
309728.375
309836.969
310334.219
310707.906
310920.094
311035.812
311232.156
311437.219
311542.812
311712.688
311817.156
311957.344
312066
312166.344
312243
312317.531
312464.062
312645.281
312718.406
312790.219
312888.531
313066.406
313168
313285.531
313403.344
313474
313532
313582.719
313633.062
313682.875
313731.406
313782.25
313833.469
313883.719
313936.938
313989.719
314047.875
314111.531
314187.406
314269.844
314341.781
314435.781
314534.312
314623.469
314704.062
314782
314881
314957.844
315055.375
315160.312
315241.844
315327.375
315436.375
315552.375
315646.375
315819.188
315926.969
316090.438
316200.094
316365.562
316461.562
316631.969
316722.375
316831.375
316992.281
317092.438
317250.812
317430.812
317530.438
317726.156
317818.75
317957.562
318068.938
318163.406
318350.094
318449.219
318546.156
318725.688
318827.75
319012.625
319103.812
319198.344
319472.281
319633.594
319740.938
319912.656
320105
320189.938
320260.062
320308.406
320361.125
320417.406
320499.719
320663.781
320762.719
320949.656
321050.656
321262.781
321361.312
321565.719
321765.656
321879.656
322099.594
322193.375
322410.094
322512.188
322681.312
322889.625
322981.781
323187.562
323293.438
323537.094
323637.844
323746.375
323847.969
324038.812
324141.969
324294.094
324394.562
324591.344
324691.094
324843.281
324944.094
325145.469
325249.562
325449.938
325562.219
325786.406
325890.062
326072.344
326184.062
326412.75
326519.531
326752.812
326857.812
327065.344
327171.25
327407.125
327509.469
327600
327793.25
328082.062
328244.438
328356.312
328549.906
328654.781
328874.438
328972.969
329179.969
329285.844
329493.312
329602.719
329816.969
329913.219
330020.375
330232.031
330331.281
330436.5
330622.75
330723.688
330921.688
331013.219
331109.438
331199.625
331339.875
331448.875
331544.406
331716.688
331812.281
331911.281
332095.219
332192.156
332240.281
332278.062
332311.688
332344.156
332373.531
332399.875
332425.281
332450.938
332572.531
332607.812
332785
332986.344
333066.062
333429.406
333609.875
333899.312
333992.719
334183.781
334265.531
334520.719
334617.594
334690.188
335282.594
335361.5
335440.188
336411.625
336475.688
336534.094
336617.094
336720.438
336938.156
336975.281
337015.969
337058.562
337102.156
337148.438
337479.156
338250.562
338282.406
338317.094
338352.094
338388.938
338642.406
338838.219
338885
338937.938
339108.156
339175.406
339571.531
339655.406
339729.062
339796.281
339851.812
339900.594
339948.406
340001.125
340075.469
340167.469
340326.125
340414.344
340574.469
340769.062
340867.469
341075.594
341374.062
341486.531
342299.438
342531.188
342610.312
342677.031
342748.625
342806.562
342861.25
342930.5
343000.375
343288.219
343364.625
343450.688
344086.281
344205.969
344292.5
344381.219
344463.281
344546.281
344629.094
344762.625
344859.938
344984.094
345080.938
345215.469
345309.938
345535
345722.344
345777.469
345882.156
345903.875
345926.688
345947.594
345970.469
345999.281
346070.75
346113.812
346164.938
346275.281
346362
346457.656
346545.875
346610.125
346666.719
346740.938
346816.719
346896.188
346961.469
347019.406
347060.531
347089
347130.938
347175.125
347262.406
347347
347435.188
347524.469
347624.125
347755.469
347875.062
347958.656
348065.438
348138.719
348185.719
348225.188
348278.25
348336.656
348493.188
348600.125
348683.781
348885.125
349078.781
349179.719
349329.188
349539.969
349655.844
349815.781
350025.438
350140.562
350338.156
350535.281
350835.688
350934.5
351126.031
351329.344
351442.562
351643.562
351755.406
351962.625
352078.219
352284.938
352392.688
352620.125
352731.688
352947.531
353054.656
353269.344
353374.406
353581.812
353684.062
353892.312
353986.25
354083.719
354185.594
354285.781
354381.594
354512.781
354618.062
354721.188
354870.25
355033.125
355129.781
355228.125
355334.375
355422.125
355507.5
355574.781
355674.656
355850.562
355910.5
355994.312
356107.719
356206.375
356299.562
356375.781
356457.25
356571.969
356883.219
357184.031
357401.906
357507.969
357690.031
357804.156
357955.875
358058.625
358161.812
358269.75
358391.469
358500.688
358603.75
358719.75
358825.812
358927.406
359019.219
359107.812
359208.75
359296.406
359393.125
359475.281
359560.938
359642.656
359717.281
359804.531
359852.469
359884.75
359915.469
360092.125
360144.719
360204.25
360276.812
360356.781
360422.344
360477.406
360526.656
360578.188
360615.062
361042.781
361078.531
361110.125
361137.938
361161.844
361183.469
361203.125
361225.062
361251.844
361283.781
361318.719
361359.594
361488.188
361561.125
361664.781
361750.844
361864.594
362013.719
362213.562
362317.562
362519.312
362628.188
362857.625
362961.562
363168.312
363276.438
363478.75
363569.094
363691.219
363966.094
364050.094
364135.906
364291.281
364390.344
364563.875
364663.094
364841.219
364938.625
365125.875
365219.406
365403.156
365500.219
365603.406
365805.812
365904.875
366091.531
366181.812
366282.531
366471.812
366572.594
366738.812
366850.406
367048.531
367149.531
367292.312
367463.469
367570
367712.25
367895.312
367995.844
368156.125
368252.312
368355.781
368460.25
368657.656
368747.844
368846.719
369012.562
369102.969
369260.375
369358.094
369450.719
369540.625
369686.906
369769.969
369863.031
369973.438
370065.844
370127.375
370191.438
370260.031
370323.031
370389.75
370462.75
370526.562
370605.219
370679.219
370860.562
370938.969
371014.281
371088.688
371181.219
371664.094
371734.875
371785.75
371891.469
372216.875
372271.75
372317.281
372365.406
372415.688
372471
372526.938
372585.531
372641.125
372683.875
372780.875
372839.531
372901.406
372964.125
373080.75
373149
373196.938
373234.281
373266.812
373296.406
373323.531
373344.812
373365.062
373386.938
373408.719
373436.719
373468.719
373505.188
373545.938
373590.188
373640.188
373705.25
373768
373836.344
373983.594
374079.938
374221.844
374396.375
374513.469
374710.375
374810.594
374895.719
374974.531
375160.312
375249.375
375322.844
375494.375
375603.312
375792.312
375882.312
375964.969
376052.312
376127.312
376215.844
376386.312
376478.094
376567.094
376673.031
376845.75
376940.562
377112.156
377189.75
377273.688
377374.625
377454.281
377557.625
377644.5
377743.625
377841.625
378003.875
378100.281
378199.406
378274.094
378353.812
378441.094
378531.344
378612.094
378691.281
378783.531
378870.625
378980.062
379080.875
379192.812
379285.344
379376.812
379546
379647.469
379750
379923.656
380015.406
380102.875
380199
380352.531
380454.062
380640.062
380744.594
380948.125
381047.125
381143.906
381319.062
381418.844
381506.188
381667.906
381762.719
381951.656
382057.125
382231.438
382337.312
382554.781
382657.188
382776.625
382969.625
383075.094
383271.094
383364.906
383455.156
383551.438
383630.094
383700.906
383781.156
383858.438
383939.5
384024.625
384106.625
384177.562
384257.094
384361.438
384458.625
384589.281
384681.219
384775.875
384859.031
384940.812
385041.625
385123.938
385216
385308.344
385352.156
385422.406
385540
385680.938
385777.875
385862.812
385951.75
386046.406
386148.062
386294.75
386392.188
386469.125
386544.75
386615.531
386685.281
386768.938
386867.531
386960.656
387054.062
387148.344
387290.938
387387.25
387552.719
387659.375
387829.719
387925.25
388085.906
388169.719
388243.906
388327.375
388436.844
388594.781
388692.906
388862.188
388956.5
389148.844
389244.969
389355.906
389519.094
389619.906
389792.625
389901.781
390099.625
390185.562
390368.438
390473.625
390668.281
390774.094
390971.969
391073.344
391277.344
391382.625
391563.812
391671.094
391898.281
392001.281
392103.875
392188.281
392257.625
392324.406
392412.812
392497.344
392602.219
392684.688
392765.344
392862.938
392971.812
393049.406
393126.75
393211.188
393301
393387
393457.125
393527.406
393616
393737.531
393821.531
393917.938
394007.656
394165.781
394263.531
394374.594
394543.781
394635.781
394733.375
394819.188
394903.531
394998.719
395087.844
395182.375
395274.5
395451.25
395549.375
395723.438
395929.781
396022.781
396225.562
396534.094
396642.906
396852.5
396949.438
397130.094
397230.906
397424.625
397528.812
397721.094
397815.625
397991.5
398081.031
398170.156
398337.875
398433.562
398504.094
398581.406
398667.281
398767.156
398829.812
398867.156
398899.281
398926
398951.625
398975.75
399000.219
399024.688
399048.938
399073.594
399098.938
399124.469
399150.688
399177.469
399204.469
399232.219
399260.469
399289.281
399318.688
399348.281
399379.062
399410.406
399442.062
399474.812
399507.938
399541.219
399575.406
399611.062
399647.812
399685.531
399724.594
399764.812
399805.656
399847.344
399890
399934.656
399981.062
400028.656
400077.656
400127.938
400180.531
400236.062
400290.812
400346.188
400402.938
400460.406
400520.719
400579.938
400641.656
400702.656
400766.25
400830.062
400895.938
400963.531
401030.25
401100.312
401170.656
401246.25
401319.25
401394.594
401475
401555.062
401642.188
401730.375
401813.312
401913.594
402007.781
402108.656
402202.5
402299.375
402397.906
402502.719
402584.375
402650.438
402707.188
402764.031
402818.844
402873.719
402924.438
402974.625
403068.094
403144.312
403176.625
403206.375
403235.094
403263.094
403290.375
403317.5
403345.031
403401.781
403431.156
403461.156
403492.375
403524.375
403558.219
403592.906
403629.312
403667.906
403707.969
403748.625
403792.031
403838.5
403886.562
403937.031
403991.094
404049.156
404109.5
404174.438
404244.75
404318.688
404392.812
404468.031
404544.281
404623.562
404719.406
404812.094
404920.156
405016.562
405080.344
405160.406
405227.281
405305.875
405371.344
405448
405554.281
405681.688
405829.812
405983.344
406082.688
406235.938
406342.469
406538.938
406737.594
406918.938
407018.656
407206.594
407303
407399.656
407508.656
407677.062
407777.656
407861
407960.062
408137.719
408236.375
408345.375
408517.656
408614.25
408836.031
408920.438
409015.906
409207.719
409300.719
409697.5
409889.312
409994.438
410188.75
410282.156
410482.438
410569.812
410657.5
410756.969
410940.875
411041.625
411338.219
411455.625
411678.156
411777.281
411874.562
411955.219
412138.469
412238.281
412347.875
412574.75
412663
412770.281
412904.594
413006.406
413115.812
413212.406
413325.938
413506.188
413592.812
413685.125
413787.062
413884.469
414071.188
414162.594
414238.656
414322.781
414411.25
414503.25
414578.531
414654.844
414738.188
414828.594
414922.062
415010.656
415098.719
415267.781
415356.656
415451.594
415640.438
415729.656
415823.656
416001.188
416093.781
416185.375
416352.844
416452.562
416673.844
416767.562
416870.375
417049.375
417155.438
417552.625
417650.5
417735.969
417816.688
417898.625
417998.75
418099.031
418241.75
418352.156
418514.094
418583.875
418667.625
418872.156
418957.812
419054.156
419147.938
419241.469
419330.281
419418.531
419511.531
419604.531
419692.656
419794
419926.281
420087.938
420174
420263.344
420449.656
420550.188
420737.594
420838.312
420947
421144.844
421244.375
421448.719
421556.062
421782.5
421886.969
422099.438
422204.031
422445.25
422543.562
422752.094
422866.5
423098.688
423206.25
423436.031
423545.75
423780.156
423879.5
424092.5
424188.75
424319.875
424402.75
424470.5
424552.75
424736.344
424838.406
425062.156
425159.812
425379.281
425482.875
425707.75
425803.156
425904.062
426102.406
426198.531
426292.812
426487.531
426584
426745
426855.656
426944.812
427070.875
427160.656
427322.781
427415.719
427526.406
427656
427741.062
427896.312
427985.531
428070.594
428147
428197.531
428254.719
428312.438
428363.844
428417.25
428490.969
428563.25
428628.125
428675.5
428728.594
428773.125
428803.312
428840.031
428877.906
428918.719
428962.844
429009.125
429061.438
429127.656
429215.438
429319.625
429471.188
429559.031
429650.375
429742.312
429833.906
429937.562
430018.156
430093.562
430167.625
430235.438
430298.969
430354.562
430411.375
430465.219
430515.094
430565.812
430622.5
430673.969
430726.969
430781.625
430832.688
430876.438
430922.969
430973.219
431023.969
431080.5
431143.219
431214.75
431285.5
431371.156
431479.094
431620.219
431777.875
431949.344
432047.812
432254.219
432357.156
432550.812
432668.531
432871.125
432967.219
433157.469
433250.656
433455.656
433555.062
433641.656
433724.719
434192.312
434480.375
434700.125
434797.125
435005.906
435099.438
435313.438
435402.594
435705.906
435797.25
435906.656
436111.375
436204.156
436312.906
436459.688
436549.438
436651.562
436855.156
436947.438
437044.906
437220.031
437310.688
437399.031
437578.156
437664.438
437754.094
437937.969
438028.812
438127.875
438322.812
438418.219
438513.625
438702.219
438796.156
438978.406
439073.406
439236.344
439317.406
439365.281
439424
439473.406
439523.344
439572.531
439624.812
439683.531
439753.062
439838
439932.281
440029.281
440131.188
440217.062
440291.469
440363.125
440435.25
440491.125
440548.938
440604.594
440649.719
440716
440811.938
440896.656
440983.375
441053.25
441123.844
441202.656
441278.656
441307.062
441343.125
441377
441406.719
441434.188
441456.844
441478.531
441499.844
441520.438
441540.906
441561.719
441584.25
441610.594
441638.188
441668.781
441702.062
441737.969
441777.781
441820.594
441869.781
441924.844
442001.312
442127.656
442279.125
442380.969
442543.094
442636.781
442729.906
442834.625
443015.844
443099.688
443187.906
443375.5
443463.75
443561.312
443731.219
443818.969
443901.438
443948.812
443978.625
444010.156
444040.5
444067.688
444088.625
444110.906
444133.281
444156.75
444182.75
444211.438
444242.281
444276.156
444312.344
444353.281
444397.875
444452.625
444519.875
444601.875
444680.406
444755.75
444829.406
444897.219
444971.469
445024.938
445087.75
445147.281
445207.406
445273.094
445344.156
445422.156
445485
445563.156
445646.875
445719.281
445787.938
445847.281
445907
445991.875
446120.594
446224.344
446293.656
446358.062
446427.594
446522.281
446662.344
446823.875
446932.656
447117.875
447318.719
447430.25
447603.469
447711.781
447911.312
448008.062
448171.781
448278.969
448479.5
448574.906
448675.656
448766.031
448945.188
449046.844
449243.5
449347.5
449546.625
449643.906
449839.844
449935.438
450131.906
450228.688
450331.094
450530.156
450626.219
450856.156
450955.438
451176.969
451276.875
451507.219
451608.156
451835.344
451936.094
452155.531
452259.406
452469.219
452573.219
452663
452837.875
452940.812
453040.594
453236.125
453315
453410.344
453489.938
453600.938
453695.656
453870.125
453962.531
454163.25
454254.656
454351.125
454552.531
454649.531
454761.125
454985.719
455082.906
455339.969
455528.781
455631.781
455842.438
455939.094
456148.906
456231.312
456417.094
456522.25
456629.5
456728.094
456826.562
456999.219
457092.688
457200.812
457384.969
457480.281
457582.75
457697.094
457861.969
457956.344
458047.938
458159.875
458248.875
458335.625
458424.875
458508.406
458690
458781.219
458956.344
459063.281
459263.531
459356.344
459556.75
459651.75
459758.75
460073.125
460264.125
460365.875
460566.25
460667.312
461077.719
461322.719
461415.594
461588.062
461689.781
461894.844
461992.5
462206.5
462307.969
462414.844
462600.312
462690.438
462784.375
462964.844
463074.031
463288.781
463388.375
463499.156
463674.625
463766.094
463862.375
463955.438
464032.969
464110.438
464176.438
464235.5
464280.344
464321.281
464357.031
464389.031
464417.812
464445.344
464471.969
464498.219
464525.562
464551.75
464577.5
464601.406
464625.156
464648.75
464672.688
464696.812
464721.094
464745.156
464769.562
464793.812
464818.219
464843.281
464868.281
464892.031
464915.156
464938.562
464961.75
464984.688
465007.875
465031.406
465055.469
465079.688
465104.875
465129.812
465155.562
465181.562
465208.156
465235.344
465263
465290.875
465319.938
465349.812
465380.812
465412.625
465445.812
465479.875
465515.219
465552.531
465591.062
465630.938
465672.406
465716.062
465760.406
465806.812
465856.875
465908.281
465963.406
466021.406
466082.594
466148.812
466219.281
466295.062
466375.188
466503.469
466595.812
466691.188
466871.938
466960.938
467055.781
467229.469
467507.25
467605.062
467793.25
467894.656
468101.781
468201.594
468414.844
468516.312
468754.594
468852.844
469055.781
469159.844
469362.094
469462.5
469622.375
469714.375
469801.094
469897.312
470001.969
470089.156
470200.031
470404.844
470501.625
470728.438
470829.625
471027.5
471132.969
471336.875
471439.031
471667.344
471766.406
471988.688
472085.281
472286.625
472365.344
472458.406
472683.875
472784.938
473003.938
473107.062
473328.812
473422.188
473616.531
473719.719
473929.188
474021
474129.25
474308.312
474403.531
474581.25
474674.312
474787.906
474964.531
475054.844
475147.25
475346.594
475440.312
475538.656
475705.312
475795.25
475888.562
476073.625
476268.156
476544.562
476642.562
476817.156
476909.906
476999.906
477094.844
477246.5
477334.906
477425.562
477515.906
477619.281
477705.344
477877.156
477964.031
478052.625
478155.625
478242.812
478329.625
478399.562
478468.875
478543.688
478612.406
478673.281
478736.094
478799.406
478869.406
478947.156
479023.469
479095.875
479173.219
479251.812
479335.281
479432.75
479520.812
479625.062
479783.938
479876.469
479986.344
480165.594
480511.875
480595.938
480851.938
480935.469
481067.375
481229.125
481322.312
481498.781
481589.844
481675.969
481864.25
481959.969
482169.719
482265.656
482464.969
482559.094
482782.719
482875.562
482985.625
483212.5
483302.625
483409.156
483597.094
483682.844
483777.969
483890.5
484078.812
484178.031
484379.562
484477.969
484678.875
484770.344
484882.094
485064.75
485163.406
485321.281
485401.688
485481.75
485553.281
485720.938
485824.812
486044.406
486139.281
486365.281
486462.75
486676.812
486769
486858.812
487036.875
487135.656
487366.656
487460.531
487566.312
487780.938
487874.25
487973.844
488177.656
488275.312
488480.125
488574.906
488770.781
488866.844
488939.969
489029.562
489114.562
489207.781
489392.844
489481.375
489567.625
489650.5
489733.906
489813.094
489891.688
489970.844
490046.438
490125.438
490215.844
490303.844
490390.5
490462.969
490561.219
490668.688
490841.094
490935.875
491039.812
491223.812
491317.031
491408.031
491591.625
491689.875
491880.688
491977.938
492174.094
492272.469
492478.062
492577.875
492795.406
492890.938
493104.188
493202.531
493313.812
493507.875
493604.406
493705.781
493807.875
493902.469
493997
494176.781
494262.188
494343.312
494418.312
494492.656
494560.594
494626.656
494691.375
494753.25
494820.375
494886.25
494956.375
495107.062
495179.969
495260.5
495372.188
495559.031
495721.125
495811.438
495907.25
496097.312
496192.906
496697.688
496796.219
496880.5
496953.688
497027.844
497100.281
497173.906
497258.812
497354.969
497517.031
497598.156
497680.031
497853.094
497947.562
498135.156
498233.75
498342.938
498554.156
498654.812
498876.938
498979.281
499200.062
499303.062
499519.125
499615.062
499835.531
499932.188
500124.875
500215.875
500318.188
500403.25
500497.469
500588.406
500682.406
500761.406
500846.25
500956.719
501053
501176.25
501269.656
501367.062
501458.531
501669.531
501765.438
501962.906
502050.594
502151.906
502266.031
502440.844
502534.906
502732.312
502820.844
502912.562
503007.906
503117.688
503323.312
503402.906
503483.562
503566.031
503610.375
503637.156
503665.281
503689.844
503712.688
503735.562
503758.906
503781.438
503804.969
503830.281
503857.438
503886.094
503916.094
503947.812
503981.562
504017.281
504055.562
504096.281
504139.75
504188.219
504244.281
504316.094
504390.75
504487.5
504571.562
504650.5
504729.562
504812.219
504960.812
505060.875
505236.344
505334.406
505490.156
505586.938
505788.344
505876.531
506053.062
506148.406
506355.125
506459
506678.719
506775.25
506961.062
507065
507283.781
507387.25
507616.25
507726.062
507965.25
508069.844
508283.969
508384.438
508600.5
508702.125
508918.031
509020.562
509239.656
509343.375
509580.562
509680.5
509810.688
509897.969
509998.375
510151.375
510254.094
510348.219
510567.75
510660.688
510761.812
510948.281
511041.031
511129.562
511196.5
511266.031
511342.625
511407.875
511483.281
511570.406
511732.344
511825.156
511920.938
512016.469
512098.531
512152.469
512226
512315.062
512402.875
512547
512623.75
512711.812
512821.219
512913.281
512996.219
513067.469
513118.406
513179.344
513240.531
513301.719
513354.406
513401.062
513441.656
513478.812
513507.062
513530.344
513551.875
513575.406
513599.531
513624.594
513651.531
513680.062
513713.25
513747.719
513784.062
513823.188
513865.594
513911.25
513963.875
514041.25
514110.938
514181.25
514264.531
514388.844
514482.656
514570.312
514660.781
514740
514824.125
514949.188
515027.656
515117.188
515281.125
515380.594
515506.25
515597.375
515685.656
515776.188
515856.5
515924.25
515984.312
516062.375
516164.906
516311.562
516406.438
516567.375
516667.5
516755.5
516909.031
517012.969
517176.438
517275.906
517393.969
517517.438
517615.219
517768.875
517878.031
518019.5
518130.094
518232.562
518310.562
518390.094
518472.938
518553.406
518643.281
518719.281
518842.344
518906.75
518958
519006.688
519043.75
519087.594
519128.344
519170.156
519217.688
519280.875
519335.469
519402.344
519474.344
519552.938
519614.469
519775.344
519879.125
520019.719
520106
520201.125
520391.25
520477.719
520579.188
520744.312
520837.25
521013.25
521317.781
521388.125
521464.906
521558.125
521661.906
521761.188
521919.906
522022.25
522213.844
522305.375
522406.719
522578.906
522676.906
522775.25
522894.625
523071.375
523166.969
523331.625
523412.219
523504.5
523696.156
523795.281
523980.156
524079.219
524165.906
524267.344
524361.812
524487.125
524602.25
524781.75
524883.125
525114.5
525209.5
525410.938
525512.688
525604.188
525812.125
526006.438
526193.5
526296.625
526398.938
526575.812
526685.812
526790.375
526896.25
527065.75
527163.188
527359.938
527449.062
527551.125
527661.375
527756.25
527851.438
527947.562
528059.938
528223
528310.688
528409.875
528558.938
528657.125
528840.625
528934.875
529040.188
529219.688
529317.062
529389.438
529470.875
529557.625
529650.75
529808.875
529903.688
530008.438
530099.625
530194.188
530282.125
530367.75
530427
530474.188
530518.875
530556.562
530591
530624.312
530656.312
530687.25
530722.5
530760.375
530799
530840.875
530889.25
530958.188
531033.938
531110.688
531207.625
531327.5
531455.812
531561.375
531998.75
532097.25
532302.625
532397.75
532562.688
532655.312
532763.75
532851.5
532941.188
533043.562
533156.25
533245.938
533351.125
533497.625
533592.625
533686.812
533742.25
533819.188
533976
534074.125
534255.938
534347.875
534435.75
534537.938
534640.5
534817.5
534914.688
535018.312
535213.438
535315
535538.188
535698.438
535804.5
535977.312
536087.438
536187.625
536297.75
536433.188
536596.125
536693.688
536889
536985.75
537087.188
537198.688
537301.375
537433.938
537605.375
537709.938
537896.75
537938.812
538000.25
538066.625
538148.312
538256.812
538464.812
538565.625
538770
538873
539077.5
539183.125
539444.188
539540.562
539752.188
539850.062
539945.625
540147.75
540238.5
540350.5
540446.75
540554.312
540633.062
540717.188
540800.438
540885.75
540962.562
541043.938
541132.438
541213.25
541302.062
541394.625
541523.812
541628.562
541805.375
541898.5
541991.312
542180.312
542276.312
542375.938
542489.312
542589.625
542765.562
542863.438
542972.25
543172.812
543272.625
543477.5
543574.25
543782.75
543879.375
544081.625
544178.312
544293.75
544502.562
544601.938
544900.5
545106.875
545197.75
545312.125
545500.938
545598.062
545802.75
545906.438
546136.5
546237.875
546452.5
546557.125
546784.812
546886
547112.875
547212.938
547434.25
547548.938
547759.75
547860.938
547990.562
548100.312
548215.688
548299.875
548406.312
548567.125
548662.375
548756.5
548869.188
548953.5
549090.938
549166.125
549263.812
549366.25
549427.062
549487.25
549562.438
549639.625
549727.375
549808.875
549875.188
549932.938
549986.688
550053.438
550108.5
550163.938
550236.125
550333.938
550441.625
550529.562
550682.062
550780
550849.812
550934.625
551120.312
551210.875
551401.875
551496.188
551696.938
551799.438
551982.75
552082
552279.625
552380.188
552561.125
552652.875
552755.75
552952.312
553044.562
553149.312
553251.062
553375.312
553486.438
553678.688
553775.375
553874.938
554083
554178.562
554284.75
554457.25
554557.938
554644.375
554754.75
554834.375
554908.625
554986.188
555046.625
555104.25
555178.312
555252.375
555333.188
555424.438
555522.188
555605.375
555718.25
555826.562
555911.375
555994.938
556074.875
556161.25
556240.562
556330.438
556433.75
556521.938
556584.75
556651.5
556720.375
556796.625
556871.5
556949.5
557029.938
557110.562
557209.812
557302.625
557393.625
557491.438
557582.75
557675.25
557738.062
557822.438
557982.625
558078.438
558183.562
558340.625
558444.875
558532.125
558711.25
558808.125
558915.812
559009.625
559083.625
559145.625
559216.25
559375.25
559474
559572.312
559670.062
559788.625
559951.25
560044.875
560143.625
560271.875
560449.438
560540.062
560644.188
560799.75
560892.062
560988
561160.875
561248.312
561340.062
561428.75
561579.625
561673
561760.812
561856.188
561964.938
562048.188
562138.562
562208.625
562265.75
562327.688
562371.688
562414.312
562443.688
562474.5
562501.5
562526.5
562549.688
562574.75
562600.062
562627.062
562655.312
562685.25
562717.25
562751.438
562787.125
562827.188
562870.812
562921.5
562982
563048.625
563109.312
563178.875
563250.812
563319.188
563385.188
563443.625
563507.625
563573.625
563654.562
563724.562
563802.875
563901.188
564005
564146.188
564238
564333
564427.562
564616
564710.312
564896.688
564990
565097.688
565297.562
565386.625
565561.375
565650.875
565855.25
565945.562
566040.5
566256.188
566345.25
566448.125
566665.562
566763.625
566964.5
567057.875
567265.125
567364.188
567568
567667.688
567863.875
567960.625
568065.938
568230.188
568320.25
568407
568507.438
568696.875
568791.125
568879.938
568990.312
569172.75
569269
569481.438
569572.625
569679.375
569873.438
569973.188
570180.938
570275.875
570371.5
570553.438
570650.625
570831.562
570925.375
571034.188
571128.375
571218.75
571306.688
571382.875
571450.375
571507.938
571571
571631.375
571694.688
571766.312
571836.438
571908.938
571989.75
572071.938
572167.125
572285
572396.188
572557.5
572655.625
572843.062
572941
573128.688
573217.062
573311.562
573390.438
573472.562
573585.875
573697.75
573886.375
573990.938
574097.688
574297.188
574389.625
574489.438
574681.875
574780.188
574977.5
575077.688
575256.875
575357.75
575562.938
575661.938
575854.375
575954.812
576160.875
576259.5
576364.75
576556.812
576653.062
576851.062
576954.125
577155.562
577249.75
577455.938
577555.375
577656.75
577835.25
577935.25
578126.688
578226.125
578321.875
578427.438
578511.375
578600.938
578690.938
578730.125
578763.875
578796.688
578830.062
578862.125
578895.688
578930.25
578966.562
579005.875
579045.875
579095.188
579178.188
579255.75
579340.75
579438.25
579564.625
579666.188
579760.562
579927.312
580189.938
580336.062
580409.25
580467.312
580535.188
580625
581043.125
581180.312
581563.688
581612.938
581643.625
581677.25
581715.062
581810.938
581946.688
582085.125
582347.188
582435.062
582552.188
582854.5
582940.312
583133.875
583225.312
583414.938
583512.25
583722.875
583817.312
584040.875
584146.312
584355.25
584457.75
584681.125
584788
584995.312
585087.188
585311.438
585406.375
585600.625
585678.938
585782.938
585995.25
586088.188
586281.125
586379.75
586583.438
586671.375
586763.188
586959.25
587066.125
587298.938
587398.062
587622.438
587722.125
588034.875
588344.062
588693
588846.625
588924.688
589008.5
589097.562
589252
589346.938
589430
589516.375
589641.188
589725.375
589806.125
589967.75
590063.312
590149.25
590248.688
590345.938
590520.188
590623.25
590812.812
590914.5
591132.562
591230.75
591465.375
591568.625
591815
591918.75
592147.25
592257.25
592484.938
592579.812
592813.25
592906.188
593023.25
593232.625
593342.938
593578.25
593682.812
593876.062
594090.375
594192.875
594403.25
594498.5
594669.5
594766.375
594846.062
594932.812
595060.25
595170.5
595258.125
595347.125
595456.312
595521.188
595603.562
595700.625
595801.25
595879.312
595960.125
596056.5
596379.438
596456.625
596676.938
596772.688
596862.312
596959.938
597069.312
597191.375
597289.438
597413
597503.875
597649.688
597741.625
597822.812
597894.75
597974.688
598112.25
598211.438
598290
598357.812
598427.812
598493.188
598555.625
598622.938
598701.125
598758.75
598800.625
598854.875
598904.625
598963.125
599023.875
599098.562
599181.625
599256.938
599338.75
599436
599535.625
599622.688
599706.125
599770
599813
599842.625
599880.125
599906.25
599928.562
599948.438
599969.125
599989.438
