126.598732
245.330887
465.395355
586.260803
811.658569
1031.1897
1141.72192
1355.9198
1576.38428
1692.58313
1930.84741
2046.91284
2252.51074
2380.04297
2600.50732
2729.03931
2926.104
3027.43628
3133.76855
3315.63354
3415.23242
3619.49707
3731.7627
3922.69409
4016.49316
4137.89209
4335.22314
4566.8208
4673.48682
4778.48535
4972.9502
5085.21582
5268.14746
5383.47949
5579.67773
5797.94189
6107.53906
6219.20459
6788.99854
6902.13086
7115.99561
7437.12549
7677.92334
7774.58887
7983.85352
8327.91699
8705.37988
8772.7793
8843.91113
8922.51074
9009.37695
9276.10742
9464.37207
9577.50391
9686.50293
10131.4316
10249.6309
10417.6963
10535.9609
10762.8926
10814.6914
10874.4248
10953.1572
11043.2227
11468.0186
11671.6162
12278.2773
12396.0098
12629.6074
12745.2061
12971.2705
13082.0029
13279.001
13504.0654
13612.6641
13836.8613
13954.1934
14066.126
14183.9248
14270.6572
14370.8564
14446.3887
14526.4551
14609.6543
14756.9854
14933.3174
15048.3164
15228.1807
15444.5127
15535.5117
15803.375
15911.1738
16163.7715
16270.8369
16499.1016
16612.9668
16840.0977
16956.8301
17189.2285
17306.293
17565.1582
17673.623
17793.2891
17995.2871
18111.5527
18249.2168
18426.8828
18523.2812
18595.5469
18633.6133
18682.8125
18713.8125
18745.1465
18771.5449
18796.2793
18822.0781
18848.4121
18874.1445
18900.5449
18927.5449
18956.0098
18985.9434
19017.1426
19050.0762
19084.1426
19120.6094
19158.4746
19198.4082
19241.875
19288.0742
19338.1406
19394.6719
19456.6719
19522.0039
19588.2051
19656.2695
19720.3359
19795.2695
19870.0684
19961.4004
20042.7324
20107.332
20167.1309
20215.5312
20259.998
20305.6641
20354.1973
20400.0625
20449.9297
20503.4609
20560.3281
20617.4609
20674.8594
20728.3262
20781.0586
20835.5918
20890.457
20949.6562
21012.8574
21078.9219
21152.8555
21222.7207
21296.4531
21377.7871
21460.9863
21553.7188
21650.1172
21760.3164
21873.582
21998.6465
22096.9785
22188.7773
22272.7109
22366.4434
22454.9082
22547.375
22693.7734
22796.0391
22942.6367
23042.8359
23143.4355
23290.5664
23395.5
23568.2969
23669.1641
23779.1621
23943.9609
24031.4922
24128.3594
24235.1582
24339.2891
24436.8887
24543.7539
24715.6855
24812.0859
24995.1504
25103.9492
25286.2812
25393.5469
25485.1445
25583.6777
25713.7422
25880.875
25988.3398
26164.3379
26287.4043
26502.3359
26616.8672
26811.7324
26940.3301
27157.5957
27271.2598
27485.1914
27607.6582
27828.3887
27939.9863
28155.5859
28265.6504
28482.8477
28601.9805
28830.1113
28945.043
29191.709
29293.9746
29530.6387
29649.7031
29922.6348
30037.7656
30240.8301
30354.3633
30566.1602
30687.4258
30919.3574
31048.623
31282.1543
31397.752
31620.4844
31879.2812
31990.4141
32124.4121
32336.0098
32458.4082
32560.9414
32651.873
32742.7383
32839.0703
32942.1367
33035.0039
33130.668
33231.8008
33338.3984
33504.6641
33605.0625
33725.4609
33903.1289
34017.4609
34218.5898
34324.9883
34535.2539
34655.5195
34850.1836
34973.9844
35115.7812
35316.0469
35433.2461
35632.9102
35741.7109
35967.9727
36087.0391
36308.5703
36434.168
36642.5
36764.9648
36974.6953
37185.3633
37408.0938
37650.2891
37872.0898
38001.0859
38236.1523
38351.6836
38566.4141
38671.2148
38869.9453
38981.0781
39104.4766
39192.8086
39276.875
39357.4062
39442.4727
39525.3398
39601.7383
39669.5352
39750.2695
39845.7344
39955.8672
40105.6641
40209.6641
40392.2617
40500.9961
40695.5273
40806.8594
41025.5234
41148.5898
41379.3203
41499.3867
41729.3164
41841.9141
42063.5781
42183.043
42378.5078
42589.9727
42810.3711
43036.1016
43152.9023
43377.9648
43485.832
43718.2969
43828.5625
44032.4922
44128.625
44251.2891
44362.4883
44484.4219
44663.9531
44767.8867
44864.5508
44958.75
45058.0156
45134.6836
45219.4141
45294.6797
45369.0781
45455.0781
45556.1445
45664.7422
45770.4766
45855.6758
45956.3398
46039.7383
46125.3398
46210.0039
46261.2695
46319.0039
46366.6016
46416.7344
46471.3359
46529.6016
46599.5352
46669.9336
46754.1992
46847.4648
46925.6641
47002.5977
47082.1289
47238.2617
47321.125
47396.8594
47470.9922
47542.3242
47611.6562
47689.1914
47754.6562
47815.5234
47863.4531
47908.7227
47951.7891
47990.6523
48024.6523
48058.918
48094.1875
48127.9844
48162.5195
48197.1172
48230.3828
48267.0508
48303.3828
48340.9844
48380.3164
48423.0508
48466.7812
48516.7812
48570.3125
48626.7148
48684.0469
48743.8477
48807.3125
48878.3789
48978.2422
49068.8438
49123.5078
49188.1758
49284.4414
49445.1719
49547.1719
49663.9023
49720.9688
49775.8359
49839.168
49910.9688
50006.6992
50134.8984
50287.5625
50382.0312
50502.5625
50611.8945
50769.8242
50872.8906
50980.625
51159.0234
51254.0195
51432.9531
51537.8828
51585.418
51663.9492
51773.75
51920.5469
52115.2773
52213.7461
52321.543
52425.4102
52519.207
52557.7422
52617.3398
52654.5391
52703.7383
52755.3398
52816.9375
52898.6719
53069.2031
53181.1367
53364.8672
53492.8633
53690.9961
53794.7305
53999.3945
54126.9922
54334.1914
54833.5195
54916.1172
55017.7148
55107.0508
55197.6484
55339.3789
55463.4453
55565.043
55717.1758
55827.707
55960.8398
56054.0391
56116.3047
56172.7734
56217.5703
56270.9023
56319.9688
56393.9023
56492.5703
56573.9023
56688.2344
56832.6328
56976.4961
57090.5625
57248.0273
57396.0273
57552.1562
57648.957
57709.7578
57791.2227
57866.9531
57939.9531
58023.0859
58190.8828
58391.75
58602.6797
58830.5469
59085.2773
59205.9414
59316.0742
59443.207
59615.8047
59828.6016
59942.0664
60154.2656
60266.0625
60479.6602
60598.7266
60796.457
61116.9219
61547.0508
61662.8516
61873.3164
62108.6445
62230.3125
62451.6406
62585.6406
62708.4414
62914.1055
63038.5039
63153.0352
63342.3672
63465.3672
63660.9648
63776.2969
63991.4922
64119.293
64353.5547
64438.4219
64551.4219
64767.0195
64882.4844
65009.418
65110.5508
65187.1484
65294.6133
65404.8125
65518.4766
65642.8125
65805.6094
65898.4062
65980.2734
66084.4062
66158.0703
66251.8047
66393.8672
66496.6016
66621.7344
66745.4688
66857.6016
67037.5938
67225.0625
67438.2578
67551.5234
67752.125
67988.5859
68099.1172
68316.4531
68543.4453
68671.9141
68901.1797
69128.2422
69238.1719
69451.3047
69568.1016
69805.7656
70030.5
70256.6953
70363.9609
70565.7578
70667.4922
70861.2266
70964.0938
71066.4219
71286.8906
71392.8203
71610.1484
71721.9531
71943.0156
72053.9453
72253.6094
72363.7422
72626.875
72724.9375
72852.5391
73064
73168.2031
73354.4688
73460.1328
73639
73734.1328
73876.5938
73982.6641
74161.4609
74344.125
74415.1875
74473.6562
74515.7891
74553.1875
74584.3203
74610.7188
74638.1875
74665.9219
74695.4531
74726.9844
74761.3828
74796.9219
74834.25
74873.9141
74917.7188
74966.3203
75026.3828
75093.7188
75182.25
75269.7109
75350.1797
75447.7109
75557.6406
75650.8438
75773.2422
75971.2422
76212.7734
76322.4375
76542.8359
76653.9688
76877.6953
77122.8984
77222.1641
77323.9609
77479.3594
77584.2891
77658.6875
77730.8906
77780.5547
77839.8203
77921.2891
78010.1562
78187.5547
78304.6172
78426.0156
78568.8125
78757.3438
78865.0781
79000.4062
79106.8125
79294.4766
79514.4688
79625.2031
79839.0703
79945.8672
80176.6016
80280.1328
80416.3984
80623.8594
80738.3281
80985.125
81091.9219
81284.5234
81405.5156
81732.3125
81948.1172
82278.0469
82618.6406
82819.1016
83025.9688
83125.3672
83226.3672
83309.8359
83396.9688
83480.1641
83567.9609
83667.5625
83749.8984
83842.4922
83952.0938
84030.9609
84122.2891
84222.7578
84310.3594
84396.0234
84490.2188
84572.8203
84625.4219
84672.5547
84743.8203
84857.8203
84995.8203
85106.8828
85188.4844
85258.8125
85349.5469
85467.2812
85572.3438
85674.5469
85783.4766
85860.0078
85915.5391
85971.6719
86036.0078
86107.1406
86185.8047
86281.8672
86388.1328
86491.1328
86658.6641
86851.7969
86979.7266
87190.7969
87423.3906
87637.9922
87779.4531
88014.9219
88257.25
88450.1797
88566.4453
88678.3828
88768.9141
88873.5078
89075.2422
89191.5078
89392.7734
89491.0391
89575.0391
89698.5
89814.7656
89960.2969
90084.8359
90148.6953
90254.0312
90433.4297
90525.7578
90648.2266
90741.4297
90832.2266
90904.1562
90969.6875
91030.3594
91111.1562
91209.5547
91325.4219
91422.8828
91513.2812
91706.2188
91914.9453
92011.8828
92104.5469
92232.9453
92427.3438
92661.0703
92894.4062
93007.8047
93243.6641
93347.2031
93574
93687.5938
93805.0625
94013.2578
94128.7266
94333.5234
94432.2578
94543.3203
94746.5156
94860.8516
94980.1797
95098.9844
95233.6484
95424.2422
95529.5078
95725.4453
95824.2422
95936.1719
96128.0391
96253.4375
96432.7031
96520.8359
96626.3672
96804.1641
96912.9609
97038.5625
97241.6953
97348.0234
97552.3594
97787.5547
97898.4844
98115.4844
98211.3516
98314.5469
98497.8125
98593.6172
98804.0781
98914.1406
99119.4062
99230.6719
99445.7422
99557.8672
99771.6719
99983.2031
100093.867
100314.664
100410.594
100580.328
100677.859
100758.461
100834.195
100909.859
101011.594
101107.656
101142.586
101201.258
101280.453
101369.453
101457.25
101549.453
101608.383
101654.32
101697.781
101728.117
101755.25
101777.18
101797.312
101816.984
101841.578
101877.516
101914.445
101951.648
101992.117
102036.312
102077.711
102117.844
102156.844
102196.242
102230.047
102256.109
102277.047
102295.711
102313.578
102331.445
102349.773
102368.773
102393.242
102423.977
102456.844
102492.711
102529.578
102568.641
102602.305
102629.57
102654.438
102685.438
102721.172
102757.438
102797.703
102835.039
102876.172
102926.438
102990.102
103058.703
103129.438
103204.031
103254.57
103324.5
103390.969
103430.633
103507.367
103576.961
103725.359
103898.359
103996.492
104204.359
104441.086
104551.625
104794.219
105009.352
105290.148
105378.477
105459.344
105558.008
105660.609
105815.477
105930.742
106040.539
106136.672
106324.867
106433.672
106616.602
106817.531
106933
107160.727
107274.062
107489.328
108120.789
109361.836
109585.367
109679.969
109807.234
109937.438
109982.5
110024.031
110068.102
110118.633
110171.367
110242.695
110351.766
110434.164
110507.828
110575.164
110657.828
110717.758
110770.758
110812.227
110851.555
110892.359
110927.688
110961.359
111000.359
111047.086
111113.289
111210.758
111322.289
111395.016
111559.883
111705.219
111769.617
111854.078
111949.078
112040.344
112142.609
112240.008
112308.945
112368.742
112445.875
112519.141
112593.211
112642.875
112698.539
112764.141
112853.008
112971.273
113137.938
113317.867
113533
113651.594
113867.328
114095.258
114338.727
114594.391
114849.188
115099.25
115336.312
115561.109
115665.445
115887.773
116124.969
116245.773
116512.703
116639.43
116894.031
117120.961
117362.562
117636.953
117760.086
117992.75
118122.086
118475.219
118585.484
118709.68
119032.078
120076.133
120182.133
120375
120608.062
120724.859
120958.727
121080.992
121333.984
121570.25
121681.719
121908.312
122015.711
122244.711
122360.508
122607.977
122728.836
122995.102
123117.039
123349.102
123463.695
123683.562
123799.297
124011.492
124119.891
124321.227
124424.758
124607.555
124705.219
124831.016
125030.75
125141.414
125328.211
125433.344
125654.477
125761.008
126001.609
126247.938
126361.867
126586.664
126829.664
126928.531
127174.062
127287.461
127538.992
127651.32
127880.453
127990.453
128236.984
128346.586
128557.516
128674.977
128766.844
128872.844
129077.844
129177.242
129384.109
129480.305
129593.305
129810.5
129900.766
130080.5
130156.898
130310.094
130408.031
130613.43
130716.359
130925.625
131034.891
131269.625
131379.094
131607.953
131719.219
131932.281
132048.672
132291.938
132398.203
132636.141
132740.078
132955.469
133080.062
133242
133321.203
133381.062
133459.734
133518.734
133595.797
133735.203
133923.125
134019.594
134225.984
134337.188
134553.188
134656.188
134879.125
134993.391
135200.453
135385.719
135486.906
135672.703
135767.172
135857.375
135953.703
136066.172
136158.109
136316.234
136391.703
136459.766
136528.438
136595.094
136657.031
136720.969
136788.297
136869.5
136957.562
137058.094
137163.766
137325.422
137425.953
137507.484
137584.75
137672.953
137785.75
137963.547
138069.156
138266.344
138370.484
138515.688
138625.547
138720.953
138844.609
138920.484
138997.547
139068.203
139124.406
139164.281
139199.406
139231.672
139259.734
139287.672
139314.734
139348
139381.078
139414.938
139451.812
139496.141
139547.875
139612.344
139695.672
139765.203
139947.406
140140.203
140240.531
140440.656
140550.391
140779.922
140880.328
140978.25
141079.594
141127.984
141176.453
141217.594
141250.25
141294.328
141363.781
141530.922
141633.656
141808.922
141912.844
142047.641
142232.109
142336.047
142535.438
142648.844
142875.969
142988.234
143215.5
143324.969
143540.891
143647.625
143872.156
143984.297
144167.688
144274.156
144466.281
144571.953
144667.75
144856.078
144960.156
145148.344
145252.281
145397.875
145516.75
145639.484
145732.078
145813.672
145928.469
145992.609
146047.734
146220.266
146365.797
146439.531
146618.406
146717.125
146819.266
147177.062
147283.531
147468.062
147690.391
147799.125
148011.312
148119.578
148305.109
148416.578
148568.312
148754.375
148975.641
149080.312
149302.312
149402.906
149628.109
149732.234
149930.562
150041.031
150254.359
150363.828
150562.5
150667.156
150779.422
150980.484
151077.953
151278.359
151391.625
151586.891
151689.812
151866.344
151975.141
152171.547
152284.344
153150.938
153255.328
154754.922
154854.578
154990.391
155093.781
155189.375
155271.984
155374.375
155461.516
155543.578
155633.906
155699.438
155765.969
155849.969
155952.906
156054.969
156151.844
156228.906
156318.969
156425.703
156516.703
156614.172
156688.5
156747.031
156817.5
156890.562
156961.969
157049.359
157132.703
157241.359
157347.953
157469.219
157630.75
157743.359
157836.625
157971.75
158060.219
158139.484
158204.625
158251.953
158294.688
158331.219
158352.344
158370.219
158389.344
158408.688
158427.875
158447.547
158469.609
158494.688
158522.484
158552.484
158585.609
158621.609
158661.688
158707.219
158802.016
158878.672
158971.016
159072.672
159180.406
159251.344
159358.344
159449.938
159602.938
159707
159779.875
159855.266
159973.594
160144.531
160265.062
160346.391
160504.594
160694.859
160906.062
161140.188
161360.391
161466.391
161714.922
161956.047
162074.453
162327.906
162567.234
162807.438
163056.703
163301.234
163533.969
163643.234
163859.359
164106.422
164357.422
164619.828
164733.953
164994.078
165102.078
165317.016
165426.344
165536.344
165745.469
165861.406
166102.672
166212.078
166431.672
166546.797
166777.266
166890.859
167091.797
167200.188
167410.188
167631.922
167732.719
167852.453
168073.984
168148.453
168228.188
168305.844
168395.188
168492.453
168580.641
168651.984
168697.453
168729.172
168756.844
168780.719
168803.906
168824.719
168845.312
168865.172
168884.984
168904.984
168925.25
168945.312
168965.844
168986.844
169008.172
169030.172
169052.578
169075.047
169098.109
169122.047
169146.312
169171.312
169197.172
169223.172
169249.781
169276.312
169303.375
169331.766
169360.641
169390.375
169420.766
169451.172
169482.703
169515.438
169549.234
169583.5
169619.109
169656.234
169693.969
169732.969
169773.109
169814.906
169858.094
169902.031
169947.297
169994.703
170044.641
170096.5
170150.172
170206.766
170266.766
170330.703
170398.359
170472.234
170550.156
170635.688
170728.031
170820.156
170913.953
171016.156
171163.281
171267.75
171437.688
171549.953
171742.281
171935.953
172144.281
172253.875
172469.734
172577.406
172796.266
172913.531
173038.875
173256.734
173373.594
173580.203
173698.734
173917.797
174027.188
174265.656
174379.719
174607.391
174716.922
174928.656
175047.781
175263.516
175377.453
175481.312
175582.438
175698.438
175879.703
175987.438
176195.109
176304.969
176513.094
176625.031
176849.969
176965.891
177207.156
177322.359
177572.625
177685.484
177821.484
178038.484
178157.016
178367.953
178477.547
178700.344
178811.75
178977.203
179090.203
179216.406
179316.672
179527.266
179771.406
179873.594
179990.734
180220.594
180328
180545.859
180652.922
180884.656
180986.062
181189.453
181297.125
181510.578
181609.656
181811.922
181917.453
182167.438
182267.047
182475.844
182579.703
182671.969
182746.703
182818.109
182905.297
182990.375
183112.828
183211.172
183314.906
183477.625
183571.766
183759.969
183976.094
184083.625
184300.156
184411.953
184511.75
184584.094
184690.016
184821.281
184914.75
185000.219
185087.688
185198.75
185282.281
185355.484
185425.547
185464.016
185500.547
185545.547
185597.938
185646.938
185694.469
185744.609
185789.812
185842.469
185912.875
185995.812
186104.672
186215.266
186334.344
186408.203
186481.938
186570.406
186667.672
186768.203
186830.672
186909.203
186981.125
187068.125
187164.922
187257
187335.922
187414.656
187463.922
187503.797
187540.797
187570.922
187621.797
187700.125
187786.984
187909.656
188108.188
188338.719
188453.312
188685.188
188798.25
189024.781
189130.781
189341.766
189455.172
189538.641
189719.562
189826.766
190041.703
190149.438
190386.969
190492.891
190724.625
190835.484
190969.422
191073.297
191158.219
191256.891
191343.891
191432.891
191523.156
191607.812
191762.609
191851.875
191950.406
192120.812
192226.406
192310.281
192415.141
192487.281
192511.406
192537.344
192562.734
192587.203
192609.281
192631.875
192653.672
192678.078
192704.078
192733.266
192764.609
192798.141
192835.344
192876.875
192923.797
192977
193043.469
193112.734
193195.328
193301.672
193401
193565.328
193672.062
193847.531
193963.859
194171.656
194281.328
194488.984
194598.922
194825.781
194921.781
195120.453
195227.453
195419.453
195510.312
195601.781
195789.516
195884.781
196072.047
196171.703
196353.031
196444.703
196648.031
196747.766
196955.438
197059.703
197273.422
197379.359
197573.75
197675.156
197862.156
197975.547
198167.219
198374.484
198470.156
198644.281
198754.812
198938.016
199228.281
199316.203
199424.344
199516.203
199641.203
199741.875
199931.141
200014.859
200119.203
200312.656
200396.062
200491.734
200619.391
200813.984
200915.453
201036.328
201241.984
201356.391
201568.391
201680.391
201888.922
202112.109
202220.109
202443.906
202568.312
202779.234
202894.703
202990.969
203099.641
203188.828
203270.297
203357.641
203447.172
203514.891
203571.172
203619.562
203691.156
203779.891
203853.359
203927.359
204006.625
204080.562
204154.156
204223.75
204290.688
204356.562
204395.219
204426.281
204452.562
204477.562
204498.094
204518.625
204539.281
204560.422
204587.359
204623.219
204662.953
204706.484
204757.625
204823.547
204895.75
205032.344
205216.875
205410.75
205515.406
205598.672
205782.734
205899.344
205992.672
206175.078
206284.672
206472.062
206679.328
206783
206988.594
207096
207310.188
207529.719
207641.391
207866.25
207975.781
208174.844
208288.109
208492.781
208601.844
208732.312
208929.109
209027.312
209133.703
209339.969
209444.969
209669.297
209776.641
210000.906
210231.438
210340.766
210610.688
210720.359
210938.562
211058.625
211292.094
211525.812
211649.75
211862.609
211969.953
212123.344
212224.547
212325.484
212449.469
212548.812
212731.203
212830.938
212960.531
213143
213248.875
213458.266
213567.328
213778.469
213889.531
214100
214211.062
214431.453
214542.656
214770.391
214885.781
215139.719
215254.578
215487.578
215599.984
216200.109
216303.234
216488.562
216607.969
216835.094
216940.234
217156.891
217272.562
217477.828
217681.219
217793.156
217883.891
217975.484
218158.219
218361.609
218467.609
218648.078
218857.281
218960.203
219073.672
219200.203
219309.078
219463.938
219574.203
219720.406
219802.266
219866.328
219969.469
220155.859
220387.328
220496.328
220718.453
220823.391
221077.391
221181.656
221424.859
221535.844
221761.375
221872.25
222124.312
222240.906
222494.781
222610.641
222848.109
223104.375
223217.828
223445.297
223541.766
223643.297
223884.688
223991.562
224189.766
224296.219
224481.625
224607.219
224765.547
224979.812
225075.688
225267.344
225365.484
225544.078
225656.812
225850.016
225949.734
226158.344
226260.672
226363.406
226427.203
226482.938
226547.875
226623.469
226694.734
226763.062
226829.859
226899.391
226968.797
227038.859
227110
227182.328
227257.125
227341.328
227452.594
227537.453
227614.531
227685.922
227774.656
227877.516
228039.047
228133.125
228295.25
228396.047
228486.656
228580.578
228672.312
228807.047
228985.703
229084.969
229278.047
229377.766
229567.5
229652.703
229748.703
229833.172
229912.375
229986.031
230051.359
230107.094
230158.094
230202.969
230247.5
230297.359
230349.438
230404.031
230461.703
230523.828
230589.625
230658.688
230723.562
230761.422
230797.766
230833.219
230871.031
230910.75
230948.891
230984.094
231021.484
231060.891
231102.156
231142.016
231183.953
231226.953
231278.953
231333.156
231387.484
231446.078
231512.344
231580.219
231643.078
231698.016
231765.281
231853.016
231953.281
232052.812
232171.672
232303.016
232415.141
232494.141
232618.812
232781.875
232883.797
233086
233183.203
233394.672
233495.594
233725.125
233825.922
234047.594
234151.391
234381.516
234480.594
234690.453
234789.578
234900.844
235095.375
235199.25
235400.172
235508.172
235604.109
235705.312
235914.641
236015.172
236216.969
236314.5
236424.438
236629.828
236726.031
236918.828
237022.094
237228.5
237325.031
237429.562
237534.156
237633.297
237723.828
237817.094
238009.156
238123.891
238315.688
238425.344
238612.406
238725.609
238913.016
239025.406
239364.938
239589.531
239707
239936.531
240054.797
240269.797
240375.469
240514.859
240707.797
240815.062
241020.984
241126.453
241335.859
241441.516
241618.922
241722.922
241814.047
241877.781
241961.984
242039.172
242129.375
242209.25
242319.984
242456.172
242551.703
242640.5
242737.969
242823.703
242896.438
242989.641
243077.031
243205.562
243303.969
243436.172
243543.5
243653.625
243747.562
243864.828
243977.297
244055.5
244163.562
244281.094
244391.359
244489.359
244588.094
244704.812
244806.625
244920.156
245010.078
245095.547
245188.609
245272.281
245342.219
245404.016
245476.078
245557.609
245627.016
245686.875
245764.406
245839.469
245913.734
245988
246076.266
246157.672
246234.734
246302.062
246365.672
246433.531
246502.875
246629.797
246696.797
246783.062
246858.797
246937.328
247104.328
247165.922
247218.656
247264.266
247298.594
247332.391
247366.719
247394.656
247416.859
247438.266
247465.391
247497.531
247531.922
247572.062
247619.531
247784.328
247881.516
248011.594
248115.578
248276.391
248464.453
248619.109
248725.109
248804.906
248889.578
248991.641
249057.516
249116.438
249174.312
249254.641
249357.5
249455.5
249535.109
249603.844
249670.906
249737.703
249806.172
249859.234
249918.641
249973.828
250048.969
250103.031
250185.234
250281.969
250362.562
250497.562
250685.625
250796.828
250936.297
251080.562
251273.625
251502.812
251712.016
251803.281
251906.484
251968.688
252015.812
252110.953
252317.406
252427.141
252625.141
252742.344
252960.078
253064.406
253247
253461.062
253566.469
253768.469
253857.922
253967.656
254111.453
254215.859
254310.062
254409.922
254498.594
254582.188
254664.781
254765.516
254859.984
254961.312
255079.109
255163.578
255252.641
255346.25
255430.578
255474.641
255509.781
255549.25
255579.25
255610.703
255642.906
255674.109
255715.844
255766.172
255907.172
256000.109
256116.5
256217.969
256404.234
256516.703
256717.297
256831.828
257005.562
257104.094
257188.562
257289.297
257379.625
257465.828
257551.891
257647.953
257726.219
257831.688
257924.422
258046.156
258210.078
258345.016
258450.547
258569.141
258722.281
258829.344
259000.281
259104.75
259209.469
259291.281
259378.469
259474.266
259544.266
259626.141
259735.266
259827.328
259937.734
260095.266
260185.469
260273.859
260442.656
260633.062
260731.531
260918.453
261022.453
261193.188
261303.391
261417.312
261579.125
261687.984
261870.188
261983.781
262190.656
262301.125
262419.781
262590.562
262774.562
262874.969
263046.438
263143.906
263343.844
263435.969
263610.312
263717.75
263870.688
263993.75
264188.688
264299.969
264433.094
264637.094
264754.625
264954.625
265062.812
265277.344
265386.344
265595.281
265711.062
265920.594
266040.938
266245.938
266358.406
266558.875
266665.531
266813.531
266964.875
267066.781
267196.125
267329.938
267449.594
267556.125
267641.938
267712.719
267787.594
267860.531
267953.781
268047
268154.25
268253.656
268369.969
268466.188
268555.125
268644.906
268748.5
268827.906
268896.188
268957.5
269036.031
269119.094
269194.312
269255.781
269323.031
269402.562
269469.625
269521.375
269578.562
269640.438
269709.625
269783.312
269865.906
269958.562
270043.375
270118.969
270197.844
270293.156
270365.5
270459.75
270557.031
270639.812
270727.562
270830.75
270970.219
271063.219
271164.812
271283.875
271398.625
271499.5
271588.875
271699.281
271813.812
271918.938
272019.094
272131.344
272282.531
272407.469
272539.594
272627.219
272677.469
272736.594
272802.594
272892
273031.875
273109.594
273194.594
273318.656
273486.875
273596.938
273773.594
273879.594
274050.656
274148.125
274256.125
274384.531
274580.531
274661.25
274709.594
274743.188
274767.531
274789.781
274810.312
274830.125
274850
274869.375
274889.438
274910.594
274933.656
274959.25
274988.656
275020.312
275054.188
275090.438
275130.844
275175.062
275226.594
275283.438
275357.594
275438.781
275525.188
275617.906
275701.438
275785.562
275896.844
275994.562
276164.156
276262.312
276428.375
276550.688
276746.438
276863.5
277050.031
277135.75
277194.375
277225.625
277248.562
277269.031
277288.562
277308.094
277327.625
277347.094
277367.094
277387.375
277408.281
277429.219
277450.344
277471.438
277493.219
277514.5
277536.094
277557.812
277579.281
277600.688
277622.625
277644.969
277667.281
277689.875
277712.688
277735.562
277758.5
277782.156
277806.5
277831.156
277855.875
277880.688
277906.344
277931.969
277958.094
277984.281
278011.031
278038.406
278066.562
278095.219
278124.75
278155.156
278185.688
278216.875
278248.625
278280.406
278313.156
278346.812
278381.281
278416.875
278453.344
278491.156
278529
278568.406
278608.406
278649.688
278692.094
278734.812
278778.156
278822.812
278868.219
278914.938
278962.938
279012
279061.156
279110.344
279158.469
279207.469
279256.938
279307.469
279358.219
279411.281
279465.594
279522.469
279581
279828.406
279891.594
279957.656
280024.344
280092.062
280380
280456.25
280534.406
280616.125
280701.125
280967.469
281059.531
281155.906
281255.844
281472.375
281589.844
281714.062
281844.312
282080.844
282209.844
282339.438
282653.031
282825.781
283012.625
283198.25
283398.625
283594.031
283809.906
283926.219
284146.562
284377.219
284605.219
284732.406
284946.938
285062.094
285284.156
285408.344
285640.344
285760.406
285991.875
286247.594
286361.594
286613.938
286716.875
286950.344
287057.344
287295.062
287412.656
287651.719
287763.188
288003.781
288130.781
288372.594
288606.25
288718.031
288947.781
289202.312
289322.625
289540.719
289786.562
289901.5
290133.75
290250.375
290499.438
290736.75
290855.906
291094.625
291334.688
291455.156
291698.031
291812.281
292045.875
292300.062
292414.938
292671.469
292801.938
293045.938
293166.188
293396.594
293507.656
293721.781
293841.188
294068.25
294191.594
294419.062
294534.781
294759.594
294871.594
295008.062
295134.438
295230.312
295329.312
295432.656
295552.844
295656.562
295767.844
295851.906
295941.312
296081.188
296187.375
296290.375
296411.5
296506.438
296613.781
296712.969
296813.75
296928.5
297036.688
297143.156
297325.094
297444.094
297644.344
297746.75
297954.75
298065.5
298285.625
298391.031
298617.812
298724.531
298959
299179.219
299287.594
299514.594
299627.812
299845
299961.062
300195.719
300314.469
300563.656
300674.188
300903.531
301014.844
301249.312
301359.062
301585.531
301692.312
301910.5
302024.125
302258.781
302376.25
302627.906
302737.625
302956.781
303295.5
303398.688
303495.375
303718.031
303830.688
304039.625
304141.906
304226.688
304342.625
304421.094
304523.031
304675.75
304854.094
304955.75
305087.406
305274.938
305383.625
305527.062
305605.812
305673.75
305727.812
305767.594
305826.281
305897.688
305986.812
306069.812
306113.062
306164.281
306215.75
306281.469
306382.406
306503.875
306605.062
306774.812
306887.938
307152.938
307225.469
307288.531
307341.125
307478.594
307571.062
307727.656
307803.312
307883.531
307963.781
308058.375
308192.062
308301.969
308386.906
308466.906
308607.719
308822.719
308940.844
309170.906
309414.375
309528.156
309762.562
309995.312
310110.688
310335.75
310447.844
310688.375
310808.5
311020.156
311107.5
311192.219
311257.812
311365.875
311553.156
311653.031
311865.875
311966.156
312171.75
312276.531
312475.062
312581.406
312671.469
312763.062
312980.125
313087.531
313329.812
313444.719
313694
313802.875
314035.062
314134.125
314357.594
314466.312
314668.469
314775
314860.062
314936.125
315005.188
315080.062
315154.656
315230.438
315315.719
315470.5
315572.656
315685.781
315778.094
315871.438
316038.188
316141.312
316238.312
316342.5
316445.5
316620.562
316723.438
316841.375
317030.281
317146.969
317349.562
317459.5
317670.031
317781.5
317978.75
318087.219
318293.812
318397.281
318595.938
318704.094
318876.469
318984.062
319076.531
319182.219
319285.531
319362.344
319473.344
319547.75
319704.062
319900.125
320006.531
320239.188
320334.781
320527.875
320629.781
320823.188
321247.062
321466.062
321578.844
321807.25
321908.25
322036.188
322218.375
322337.312
322561.25
322666.906
322872.156
322993.969
323216.25
323314.5
323426.438
323519.094
323629.562
323784.688
323976.969
324085.5
324223.219
324320.438
324411.219
324503.406
324602.344
324694.812
324815.281
324897.156
324984.875
325080.469
325192.344
325301.219
325387.625
325454.094
325513.219
325579.688
325656.219
325761.812
325909.875
326002.344
326173.75
326272.062
326486.188
326725.531
326837.25
327066.062
327317.062
327426.844
327660
327775.188
328000.469
328103.656
328174.656
328256.312
328335.719
328403.906
328483.312
328554.438
328642.969
328724.656
328820.188
328899.844
328940.656
328987.125
329039.312
329070.312
329094.844
329117.5
329138.719
329159.375
329178.312
329198.5
329220.375
329239.562
329258.5
329277.438
329296.031
329314.438
329333.719
329353.906
329377.375
329401.375
329426.5
329450.094
329473.312
329496.969
329519.156
329540.844
329565.438
329593.25
329618.5
329647.844
329679.438
329713.094
329748.969
329787.625
329828.781
329871.625
329918.312
329969.031
330025.438
330086.375
330149.75
330215.375
330289.094
330365.219
330438.906
330511.156
330587.812
330679.156
330737.344
330789.75
330835.156
330892.625
330994.812
331078.281
331210.344
331294.219
331402.406
331496.688
331647.344
331749.406
331842.344
332050.344
332131.156
332170.75
332233.156
332289.688
332333.75
332397.156
332478.875
332587.688
332776.75
332882.125
333077.75
333194.875
333401.812
333506.875
333724.469
333838.531
334036.656
334091.25
334196.406
334425.188
334535.188
334747.531
334862.25
335086.719
335410.594
335519.25
335729.031
335834.969
335951.969
336067.719
336251.5
336359.5
336555.25
336659.5
336876.562
336982.562
337184.156
337297.688
337511.438
337611.438
337808.969
337910.344
338013.969
338181.625
338286.031
338488.625
338594.625
338820
338927.219
339150.875
339265.75
339482.656
339589.531
339903.812
340099.406
340202.344
340421.469
340521.781
340737.469
340853
341074.312
341183.531
341382.781
341677.906
341780.844
341879.906
341992.375
342098.594
342261.5
342359.125
342457.656
342551.438
342655.969
342839.562
342944.5
343140.438
343236.156
343425.375
343526.5
343716.156
343822.094
344013.219
344110.031
344210.969
344330.969
344434.969
344522.281
344594.969
344681.156
344769.344
344863.875
344950.219
345047.688
345122.344
345196.469
345267.688
345336
345415.094
345495.875
345581.281
345680.156
345783.344
345882.156
346041.469
346128.062
346220.469
346333.656
346514.812
346617.938
346794.594
346902.188
347104.344
347204.312
347394.062
347499.938
347695.656
347808.469
347922.469
348122.594
348236.25
348412.719
348485.25
348572.125
348673.031
348768.125
348848.438
348915.25
348969.312
349024.312
349067.438
349103.312
349152.719
349199.031
349258.5
349332.5
349399.844
349448.719
349488.094
349538.562
349604.312
349681.562
349759.156
349850.438
349965.375
350058.906
350143.625
350204.5
350277.75
350337.281
350381.688
350438.438
350503.094
350578.375
350642.375
350718.562
350809.562
350900.031
350980.812
351084.688
351238.812
351349.625
351418.875
351495.812
351587.344
351982.344
352246.156
352319.531
352412.469
352513.344
352600.219
353017.188
353217.531
353399.125
353497.938
353611.25
353722.938
353789.781
353862.312
353997.594
354072.25
354249.406
354783.656
355026.906
355265.188
355488.188
355981.969
356102.781
356260.5
356591.219
356815.688
356933.625
357165.906
357267.688
357388.219
357596.281
357708.156
357919.156
358145.281
358384.156
358501.875
358749.469
359022
359122.531
359354.688
359598.594
359701.531
359807.938
359909.188
360005.125
360103.25
360274.531
360376.938
360575.531
360689.406
360768.062
360816.312
360881.844
360951.938
361012.469
361069.062
361114.938
361155.125
361192.125
361226.844
361259.906
361307.781
361382.656
361501.719
361619.312
361682.781
361752.062
361831.312
361996.844
362209.781
362314.906
362408.25
362486.906
362587.781
362737.625
362844.562
362968.5
363148.375
363243.906
363348.312
363452.375
363653.219
363769.5
364006.5
364117.094
364352.156
364464.75
364731.938
364853.875
365043.75
365260.156
365376.094
365615.219
365732.469
365956.219
366086.75
366332.812
366453.531
366681.531
366899.938
367007.188
367227.406
367342.125
367563.188
367797.781
367914.844
368158.125
368284.594
368528.906
368646.312
368883.125
368997.125
369098.25
369166.312
369254.031
369352.844
369441.969
369525.094
369611.906
369720.156
369912.5
370025.219
370220.562
370321.094
370517.5
370734.156
370850.906
371060.625
371292.75
371396.75
371607.938
371720.281
371947.344
372064.688
372283
372387.75
372631.062
372733.219
372958.531
373074.594
373310.656
373427.531
373665.344
373779.406
374015.938
374128.656
374358.375
374467.938
374673.906
375014.531
375098.781
375209.781
375317.969
375430.781
375522.562
375634.188
375705.25
375749.844
375786.094
375830.969
375869.375
375910.906
375954.906
376004.625
376059.844
376136.781
376232.031
376380.906
376471.094
376557.438
376631.688
376713.375
376836.5
376943.562
377038.625
377103.219
377173.844
377242.5
377305.375
377370.281
377447.031
377535.562
377618.5
377700.031
377782.875
377871.5
377967.969
378061.75
378138.688
378224.875
378284.938
378339.75
378407.625
378473.344
378529.938
378562.156
378598.938
378637
378686
378755.281
378826.75
378896.688
378982.344
379067.219
379145.156
379235.219
379324.281
379418.938
379521.219
379639.594
379720.125
379781.875
379859.594
379958.719
380168.812
380358.344
380460.469
380649.938
380740.844
380820.719
380919.188
381017.469
381110.531
381210.906
381299.062
381388.375
381476.656
381563.844
381619.062
381668.375
381751.188
381841.125
382043.781
382264.906
382385.031
382518.844
382585.094
382704.625
382798.188
382917.25
383012.094
383079.969
383157.312
383218.375
383259.375
383291.219
383320.438
383344.969
383367.625
383390.312
383414.844
383442.375
383474.562
383510.312
383550.906
383597.031
383698.844
383789.625
383874.906
383954.5
384050.625
384113.156
384177.094
384223.344
384261.344
384294.219
384326.094
384367.562
384441.219
384507.562
384592.688
384672.406
384712.219
384764.5
384811.875
384856.875
384891.031
384923.812
384960.875
385001.219
385043.219
385089.875
385146.344
385203.281
385257.812
385315.75
385370.531
385453.406
385537.062
385622.156
385721.75
385794.531
385851.688
385938
386024.594
386094.219
386163.938
386214.281
386256.469
386287.531
386331.938
386385.125
386501.656
386573.594
386770.125
386989.938
387195.469
387407.188
387633.719
387859.469
388073.719
388191.656
388432.844
388560.969
388766.375
388874.844
389077.375
389358.562
389467.969
389913.094
390263.031
390492.219
390733.75
390851.031
391088.688
391326.281
391566.562
391667.562
391783.812
392013.156
392139
392355.938
392611.938
392724.688
392970
393080.812
393302.531
393542.188
393793.125
394039.406
394312.938
394428.25
394679.906
394799
395053.719
395174.781
395437.656
395546.188
395783.969
395902.656
396129.375
396249.781
396511.562
396617.625
396831.156
396947.375
397179.281
397411.344
397515.625
397739.031
397976.031
398081.219
398253.625
398372.562
398555.875
398717.406
398932.75
399052.469
399273.062
399518.469
399629.531
399859.656
399970.344
400208.531
400318.875
400540.719
400661.781
400893.406
401004.375
401280.188
401388.25
401607.531
401728.531
401977.656
402102.25
402374.844
402491.656
402758.094
402871.5
403091.562
403219.375
403448.094
403548.312
403733.156
403849.906
404014.625
404113.969
404431.156
404643.031
404755.281
404989.562
405100.938
405340
405452.094
405704.156
405819.406
406037.875
406156.656
406393.062
406620.812
406728.875
406933.25
407044.062
407267.781
407473
407581.406
407801.188
407911
408075.438
408227.969
408406.125
408518.594
408725.969
408838.844
409023.562
409140.844
409359.094
409462.844
409589.031
409715.625
409759.25
409799.688
409834.844
409861.625
409887.312
409911.969
409936.312
409961.031
409986.438
410012.5
410040.438
410069.438
410099.5
410130.438
410163.906
410199.312
410235.375
410274.844
410316.906
410362.625
410409.906
410455.844
410502.281
410550.5
410592.438
410631.625
410676.906
410725.625
410782.281
410842.625
410905.75
410974.156
411044.875
411113.688
411175.5
411242.406
411313.688
411377.812
411439.094
411506.812
411568.344
411626.094
411686.406
411748.562
411814.625
411886.688
411941.938
411976.094
412008.938
412051.094
412100
412160.812
412231
412308.062
412376
412443.281
412514.156
412564.469
412605.344
412655.062
412702.594
412766.688
412828.656
412897.125
412961.406
413028.812
413102.406
413173.062
413255.344
413339.188
413394.656
413427.125
413488.125
413567.812
413636.531
413727.594
413805.531
413883.188
413948
413992.594
414017.781
414045.531
414072.594
414120.188
414180.781
414246.781
414350.062
414449
414516.531
414600.594
414687.531
414792
414928.719
415021.781
415118.062
415236.188
415324.312
415402.844
415558.125
415761.375
415857.719
416042.094
416304.906
416399.844
416615.844
416728.312
416945.906
417122.844
417220.031
417388.281
417486.969
417617.562
417662.031
417695.156
417731.688
417762.562
417799.156
417858.562
417932.5
418007.344
418098.031
418168.156
418269.875
418366.75
418447.875
418525.562
418604.281
418683.688
418807.812
418887.062
418956.875
419067.344
419178.812
419332.75
419422.594
419509.281
419615.875
419703.125
419772.281
419858.469
419946.281
420024.812
420149.406
420237
420335.594
420393.344
420459.188
420522.594
420578.656
420652.25
420785.125
420880.469
420982.25
421086.531
421183.531
421260.781
421305
421345.188
421383.844
421414.312
421442.438
421461.781
421483.188
421507.312
421533.375
421562.969
421592.375
421622.375
421653.719
421685.531
421721.531
421760.906
421799.594
421842.5
421890.5
421938.062
421984.594
422031.438
422081.5
422137.844
422197.312
422260.906
422326.25
422388.031
422457.562
422524.781
422603.969
422681.5
422753.031
422821.156
422888.094
422996.625
423113.094
423163.844
423296.031
423457.625
423557.312
423715.75
423832.219
423978.906
424160.969
424270.281
424464.156
424540.688
424591.219
424638.75
424666.344
424697.344
424726.75
424753.031
424772.812
424792.75
424812.938
424833.688
424855.156
424878.812
424905.469
424935.812
424968.938
425004.688
425044.812
425091.156
425144.562
425205.344
425274.75
425350.281
425447.531
425547.406
425656.344
425693.625
425749.812
425802.219
425846.156
425885.156
425914.938
425939.875
425959
425976.875
425995
426013
426031.344
426049.688
426067.812
426085.344
426102.688
426121.469
426140.812
426162.281
426186.594
426213.469
426242.938
426274.75
426309.938
426346.594
426386
426429.531
426476.594
426527.281
426588.719
426674.875
426760.938
426854.125
426965.594
427099.125
427250.406
427407.125
427532.062
427695.25
427791.188
427889.188
427942.906
428029.844
428117.656
428227.906
428350.781
428444.125
428593.5
428766.312
428965.125
429181.312
429309.031
429518.5
429641.156
429743.438
429843.031
429993.844
430080.219
430161.375
430270.969
430469.094
430675.219
430777.219
430853.094
430885.094
430915.688
430956.562
431024.281
431129.688
431303.281
431415.156
431597.75
431709.344
431880.219
431973.344
432146.531
432272.688
432458.75
432568.219
432768.219
432891.531
433092.188
433317.812
433434.344
433531.594
433665.469
433845
433976.656
434171.469
434288.594
434426.656
434564.25
434733.188
434847.125
434985.188
435097.312
435196.719
435293.125
435378.781
435474.719
435590.031
435673.562
435882.5
436101.969
436222.312
436426.094
436667.562
436781.219
436891.438
436918.75
436939.156
436957.844
436975.562
436993.562
437011.906
437029.969
437048.688
437066.438
437085.281
437104.844
437125.094
437146.219
437169.969
437195.906
437223.562
437253.562
437285.5
437319.562
437355.625
437394.688
437437.344
437483.625
437534.5
437590.688
437658.75
437794.969
437882.875
438064.938
438162.219
438263.625
438439.281
438534.625
438700.531
438806.875
438904
439082.531
439186.156
439307.219
439422.812
439542.594
439727.281
439833
440001.469
440115
440265.062
440455.25
440553.062
440711.719
440900.719
441018.25
441185.656
441305.25
441502.781
441725.062
441842.188
442028.25
442216.25
442417.094
442619.312
442736.094
442845.312
442945.625
443033.25
443099.969
443157.688
443200.969
443256.969
443308.688
443362.219
443409.562
443447.375
443496.219
443549.562
443614.969
443695.906
443800.688
443894.438
443958.812
444019.5
444095.562
444181.812
444236.688
444292.031
444367.031
444442.281
444552.031
444647.031
444772.219
444876.094
444963.031
445018.469
445076.625
445140.469
445231.094
445314.281
445402.156
445476.406
445554.344
445621.625
445680
445739.875
445923.875
446003.531
446211.062
446321.75
446522.75
446754.594
446965.062
447191.719
447437.25
447666.375
447905.781
448128.594
448389.656
448510.125
448733.25
448922.5
449007.031
449068.719
449124.031
449172.562
449210.375
449243.312
449282.094
449316.719
449352.844
449395.375
449444.094
449495.969
449547.094
449629.375
449781.906
449836.781
449885.562
449940.156
450026.969
450218.625
450437.844
450556.688
450700.969
450794.625
450997.625
451236.344
451493.281
451615.938
451860.469
452083.938
452316.938
452563.812
452687.062
452914.656
453037.188
453242
453320.812
453393.531
453439.719
453484.125
453541.812
453591
453632.406
453673.875
453705.125
453734.469
453756.594
453778.719
453801.594
453824.531
453848.656
453875.125
453901.781
453929.875
453957.781
453987.188
454016
454042.062
454065.938
454089.469
454112.125
454132.062
454151.719
454174.062
454195.656
454219.062
454246
454277.594
454311.781
454348.375
454388
454432.125
454483.719
454546.844
454614.531
454709.188
454837.781
454988.188
455085.656
455259.312
455445.969
455548.781
455720.969
455833.094
456034.094
456139.438
456324.25
456516.156
456613.5
456812.75
456919.375
457082.438
457185.812
457359.969
457458.219
457637.75
457747.344
457933.688
458142.219
458240.344
458429.219
458538.625
458733.688
458842.281
459061.75
459169.281
459364.406
459457.406
459555
459647.219
459753.281
459833.188
459900.281
459970.281
460029.469
460096.812
460169.188
460251.812
460339.188
460441.531
460530.875
460655.25
460808.25
460960.312
461068.188
461209.375
461394.188
461508.125
461719.062
461828.5
461999.781
462118.719
462279.719
462382.031
462484.5
462657.25
462760.562
462932.625
463141.094
463246.375
463369.969
463560.969
463665.031
463764.75
463940.094
464056.688
464219.156
464332.625
464526.969
464639.625
464900.562
465021.281
465207.094
465321.094
465531.75
465754
466060.469
466184
466511.469
467058.594
467288.25
467405.25
467641.719
467760
467971.906
468191
468301.906
468533.188
468745.5
468977.375
469101.094
469315.625
469553.5
469673.438
469874.625
469990.031
470123.75
470280.156
470355.156
470464.5
470574.031
470686.438
470829.344
470926.75
470996.344
471056.438
471104.969
471142.094
471179.875
471216.094
471253.688
471292.406
471334.344
471380.281
471427.875
471492.875
471580.219
471721.156
471881.406
472042.812
472143.531
472237.219
472331.469
472460.875
472637.469
472740.875
472853.344
472952.75
473032.281
473080.594
473124.125
473160.594
473190.594
473217.281
473242.656
473267
473290.656
473315.125
473339.812
473364.344
473389.469
473415.062
473441.656
473469.188
473497.406
473527
473557.594
473589.531
473623.469
473659.344
473697.188
473735.656
473774.594
473815.125
473856.188
473898.469
473941.125
473982.656
474023.469
474057.844
474096.406
474134.938
474174.312
474214.656
474254.406
474294.594
474336.844
474380.125
474423.594
474466.062
474507.719
474551.375
474596.375
474642.312
474690.312
474740.125
474792.719
474847.906
474905.062
474965.062
475029.438
475095.656
475171.781
475251.594
475332.25
475414.438
475514.031
475615.969
475724.906
475850.438
475972.719
476132.25
476296.312
476397.156
476515.312
476611.219
476693.562
476821.5
476938.625
477066.969
477172.281
477330.375
477432.812
477538.156
477620.094
477709.344
477787.969
477861.969
477934.688
478001.875
478068.562
478141.344
478232.156
478260.156
478289.094
478323.938
478358.625
478393.344
478432.281
478474
478521
478647.875
478728.469
478822.469
478940.281
479087.219
479255.75
479360.281
479536.469
479650.125
479846.656
480040.344
480146.938
480378.344
480488.938
480684.312
480796.062
481041.656
481148.906
481351.375
481463.188
481676.25
481782.25
481977.031
482084.844
482283.719
482391.375
482520.188
482756.844
482859.438
482972.156
483188.156
483292.781
483481.219
483591.031
483795.094
483897.562
483993.812
484081.969
484198.156
484288.969
484375.031
484478.812
484566.156
484641.562
484721.281
484784.156
484844.219
484918.812
484985.344
485042.562
485096.219
485159
485231.469
485292.406
485334.875
485373.875
485423.75
485483
485550.156
485604.688
485655.938
485706.812
485746.812
485779
485805.156
485826.875
485846.469
485864.594
485883
485905.812
485934.125
485967.125
486005.281
486049.469
486100.469
486237.812
486318.594
486389.594
486461.656
486539.938
486625.406
486688.469
486743.469
486796
486844.656
486996.344
487156.406
487259.938
487293.188
487345.188
487406.469
487476
487609.125
487715.531
487866.312
487931.188
487950.312
487969
487987.25
488005.656
488023.781
488043.062
488060.656
488074.906
488088.312
488102.25
488117.312
488134
488151.844
488170.125
488189.125
488209.312
488230.312
488251.656
488274.062
488298.125
488323.188
488349.906
488377.438
488407.312
488432.25
488458.438
488489.188
488522.5
488555.594
488591.188
488629.188
488666.781
488707.5
488750.719
488795.781
488841.969
488891.188
488941.438
488991.188
489047.969
489103.438
489164.438
489227.5
489291.438
489357.562
489420.375
489449.094
489494.719
489547.438
489611.375
489680.25
489761.969
489867.906
490003.969
490109.438
490238.156
490343.375
490500.281
490597.031
490694.031
490779.281
490842.094
490904.5
490984.344
491073.625
491160.156
491298.281
491378.156
491456.812
491585.688
491685.406
491774.281
491866
491952.469
492026.281
492108
492176.156
492239.469
492344.531
492398.812
492474.062
492671.531
492844.469
493005.812
493244.719
493351
493527.062
493726.344
493841.656
494033.594
494148.531
494329.188
494555.25
494664.188
494824.656
495022.375
495074.781
495166.375
495384.844
495510.188
495741.438
495965.25
496093.438
496307.25
496537.844
496776.5
497004.844
497228.688
497478.281
497588.094
497861.156
497972.281
498206.625
498326.281
498566.625
498810.875
498924
499138.281
499365.219
499483.125
499736.656
499853.594
500104.125
500217.531
500443.406
500561
500763
500892.188
501096.469
501208.375
501426.062
501529.25
501724.781
501817.594
501920.969
502009.375
502126.375
502303.5
502394.562
502492.312
502631.625
502736.188
502904.375
503002.375
503130.844
503240.094
503413.375
503526.031
503686.969
503793.688
503906.375
504091.438
504192.969
504407.688
504504.344
504717.562
504820.938
504933.812
505027.688
505077.625
505137.875
505200.75
505264.875
505330.875
505403.094
505475.625
505534.469
505582.344
505643.062
505715.344
505779.938
505840.875
505896.938
505941.125
505973.938
506003
506035.75
506066.062
506094.469
506121.219
506144.75
506169.406
506194.344
506222.219
506251.469
506283.344
506319.656
506360.062
506403.062
506450.594
506503.531
506553.469
506604
506658.281
506719.062
506774.875
506853
506913.656
507002.25
507069.875
507141.719
507199.25
507267.719
507351.594
507416.938
507456
507484
507511.531
507537.406
507562.594
507590.25
507625.656
507664.469
507705.469
507746.656
507790
507832.719
507883.781
507937.312
507994.062
508051.906
508107.719
508167
508210.312
508259.719
508297.656
508339.656
508385.188
508432.5
508485.594
508533.062
508585.438
508640.031
508691.906
508747.844
508805.969
508875.25
508945.969
509024.188
509092.375
509158.906
509329.5
509431.5
509633.312
509727.562
509932.688
510030.688
510211.562
510310.438
510520.969
510625.094
510847.5
510956.562
511172.344
511285.219
511511.812
511625.031
511842.156
511952.219
512192.156
512305.219
512551.594
512650.531
512842.531
512964.219
513077.531
513274.531
513380.406
513592.719
513701.344
513902.188
514013.531
514223.188
514338.844
514569.844
514679.125
514909.062
515149.062
515252.719
515490.125
515599.719
515681.188
515779.375
515960.781
516069.312
516276.438
516375.312
516478.375
516563.688
516735.969
516837.688
517011.281
517111.375
517311.688
517413.344
517598.438
517711.688
517856.969
517949.875
518057.156
518179.219
518267.344
518376.031
518475.406
518573.812
518653.156
518709.75
518789
518896.281
519000.75
519112.594
519198.156
519285.281
519364.125
519484.125
519587.281
519678.531
519760.812
519849.406
519933.125
520052.812
520147.25
520232.469
520285.25
520337.719
520389.656
520434.469
520495.719
520566.719
520633.469
520690.25
520748.594
520798.25
520845.469
520889.719
520924.469
520960.844
520995.188
521032.656
521070.312
521108
521150.469
521196.844
521246.469
521306.906
521380.25
521449.312
521517.844
521586.531
521653.719
521726.906
521817.656
521918.969
522009.375
522092.719
522160.125
522209.25
522249.125
522302.719
522377.25
522470.844
522549.969
522640.781
522749.188
522911.031
523302.5
523404.562
523545.094
524058.5
524262.344
524370.312
524597
524704.75
524895.375
525013.75
525203.875
525317.25
525520.375
525621.062
525814.062
525927.25
526049.062
526155.688
526236.938
526307.875
526354.188
526389
526420.25
526449.312
526475.812
526502.75
526530.375
526559.375
526588.938
526621.125
526654.75
526690.125
526728.062
526770.875
526816.812
526869
526939.375
527010.438
527080.062
527151.375
527226.188
527295.562
527361.125
527439.188
527523.75
527611.062
527691.75
527781.562
527871.625
527976
528068.875
528185.438
528292.188
528404.375
528504.5
528682
528788.438
528955.375
529049.125
529159.938
529260
529436.438
529540.312
529633.125
529728.312
529853.188
530019.188
530121.75
530218.5
530403.312
530510.688
530651.438
530899
530994.812
531183.875
531307.25
531542.625
531654.75
531895.375
532005.938
532197.062
532303.5
532494.188
532605
532712.812
532919.125
533023.562
533222.875
533433.875
533534.375
533768.5
533874.188
534076.375
534183.125
534356.875
534474.938
534606.875
534720.188
534862.938
534975.562
535057.625
535135.625
535211.312
535383.312
535483.125
535583.312
535675.75
535706.812
535731.562
535755
535775.562
535794.625
535813.812
535831.938
535850.562
535869
535886.75
535905
535923.812
535944.062
535965.312
535988.188
536012.312
536037
536063.312
536089.438
536113.875
536140.5
536168.5
536198.125
536229.5
536263.188
536298.75
536335.125
536373.25
536414.312
536455.625
536493.188
536528.688
536565.5
536600.188
536627.125
536651.25
536674.625
536702.688
536733.312
536764.875
536798.75
536834.125
536873.438
536917.938
536965.938
537018.688
537073.5
537129.5
537185.25
537239.5
537291.688
537348.938
537422.312
537492.875
537556.562
537630.5
537703.438
537782.25
537861.062
537946.875
538020.062
538063.062
538110.062
538160.812
538216.938
538276.812
538318.125
538386.688
538455.438
538530.875
538621.688
538737.188
538815.562
538904.188
538978.312
539063.312
539137.5
539208
539282.875
539399.812
539504.5
539678.312
539886.812
540030.812
540122.875
540307.125
540399.312
540481.938
540573.375
540693.312
540875.312
540974.812
541181.312
541287.625
541464.125
541584.938
541758.438
541869.188
542080.312
542188.625
542311.5
542517.562
542625.938
542805.75
542919.875
543108.375
543228.25
543448.375
543669.438
543783.312
544010
544132.938
544311.312
544430.25
544527.062
544626.125
544714.625
544794.625
544869.188
544957.562
545038.75
545114.188
545214.688
545297.562
545386
545482.625
545582.25
545690.188
545806.875
545899.812
546016.688
546113.375
546187
546248.125
546318.75
546413.25
546525.25
546623.875
546707.438
546785.375
546939.438
547046.812
547141.688
547234.5
547323.375
547443.5
547601.188
547693.875
547778
547855.875
548081.625
548162
548254.25
548340.625
548442.312
548588.25
548757.625
548862.5
548987.125
549097.562
549192.312
549283.125
549379.438
549491.625
549587.625
549695.312
549769
549852.812
549963.5
550031.625
550084.125
550150.25
550260.562
550352.688
550423
550489.562
550602.375
550709.938
550815.062
550914.562
550997.438
551092.75
551190.5
551285.312
551373.25
551471.438
551559.75
551625.312
551672.875
551704.938
551760.75
551837.562
551993.438
552138
552239.875
552343.312
552497.812
552582.625
552692.688
552899.562
553130.75
553351.438
553600.625
553711.125
553910.75
554034.312
554210.812
554445.125
554647.812
554858.375
554974.375
555241.75
555359.312
555536.75
555737.5
555868.375
556011.25
556239.875
556361.312
556602.75
556731.062
556971.125
557084.375
557304.188
557545.312
557668.5
557937.062
558205.312
558331.875
558593.125
558711.688
558951.625
559163.688
559402.688
559654.875
559770.188
559983.562
560096.312
560206.75
560368
560482.062
560702.438
560803.125
560983.5
561080.188
561293.625
561453.875
561550.938
561621.25
561710.062
561807.062
561978.625
562077.062
562146.25
562202.562
562282.438
562453.5
562550.188
562657.25
562786.25
562876.75
562941.188
563022.5
563098
563160.125
563326.438
563422.375
563580.625
563764.938
563877.625
563994.188
564213.312
564326.812
564527.375
564661.25
564856.562
564931.625
564998.625
565076.625
565189.125
565400.75
565619.562
565731.625
565990.062
566106.25
566361.562
566470.938
566689.875
566795.625
567005.25
567112.625
567352.875
567453.562
567689
567797.062
568072.75
568164.188
568375.25
568473.062
568540.125
568568.188
568620.875
568689.438
568802
568976.75
569174.25
569290
569526.5
569628.562
569832.875
569937.875
570749.562
570856.188
571029.688
571123.25
571207.688
571255.75
571321.688
571413.625
571526.375
571613.5
571708.625
571819.562
571954.812
572056.688
572160.375
572264.625
572363.312
572456.5
572557.562
572639.875
572742.375
572943.562
573034.75
573158.125
573293.562
573413.375
573518.438
573617.188
573696.75
573781.812
573878.438
574018.5
574182.375
574395.938
574491.938
574579
574680.875
574763.875
574877.938
575065.125
575150.625
575225
575271.75
575349.875
575452
575548.062
575625.312
575703.438
575765.625
575821.312
575875.062
575925.625
575972.75
576021.625
576085.5
576159.875
576256.375
576414.125
576526.5
576702.812
576907.375
577027.188
577238
577457.625
577573.25
577804
578038.688
578285.75
578521
578625.875
578874
579109.625
579227.75
579482.938
579726.375
579837.375
579994.188
580106.688
580218.5
580331.125
580403.062
580456.375
580521
580593.125
580656.938
580720.375
580782.875
580828.938
580869.875
580912.375
580961.812
581013.688
581079.875
581147.125
581210.812
581260.5
581311.25
581368
581431.938
581497.5
581561.625
581620.25
581679.438
581764.25
581863.125
581983.438
582154.375
582261.375
582439.938
582547.312
582717.5
582805.688
582873.375
582946.562
583042.562
583220.125
583324.5
583448.438
583575.438
583740.688
583849.938
583959.25
584062.688
584150
584213.188
584286
584362.5
584431.375
584512.75
584582.438
584634.062
584673.062
584711.25
584743.125
584775.125
584801.875
584827.125
584853.188
584879.688
584908.562
584939.938
584975.125
585015
585059.062
585198.375
585287.5
585433.812
585541.125
585698.812
585803.5
585895.688
585996.938
586103.562
586210.562
586310.188
586407.188
586488.125
586552.188
586720.25
586846.625
586951.312
587032.375
587182.75
587319.375
587443.188
587518.125
587595.438
587667.812
587844.125
587910.75
588568.125
588723.688
588824.625
589017.375
589095.188
589173.062
589710.188
589754.688
589776.75
589836.562
591699.062
592258.875
592311.188
592364.25
593245.625
593491.875
594101.688
594929.062
595147.188
595406.5
595515.688
595978.625
596097.625
596325.438
596796.812
596917.125
597116.875
597343.625
597451.938
597584.375
597682.812
597776.062
597848.625
597917
597999.75
598075.625
598160.062
598699.812
598780.75
598857.375
598945.812
599029.25
599097.125
599165
599249.625
599360.688
599453
599541.25
599814
599908.688
599994.688
