30.5330276
109.398903
156.465103
231.39769
330.463348
467.92865
560.261047
676.726562
783.525513
875.191223
961.923706
1136.98865
1239.25427
1298.05371
1401.45264
1520.98474
1634.11694
1758.91577
1851.31482
1941.84729
1992.71338
2068.7793
2184.64478
2343.24316
2525.97485
2732.6394
2955.77051
3184.16821
3444.16553
3554.4978
3668.76343
3777.229
3874.49463
3966.5603
4065.42603
4178.625
4260.75732
4308.62354
4343.68994
4400.55615
4481.95508
4597.4209
4732.15283
4903.81787
5089.14893
5263.94727
5363.21289
5591.34424
5701.47607
5843.07471
5940.34082
6019.00635
6196.07129
6271.87061
6332.00342
6379.06934
6417.20264
6471.26855
6557.13428
6720.19971
6883.73096
7072.5293
7177.86133
7388.72607
7625.99023
7856.52148
7954.92041
8185.85156
8425.11621
8533.71484
8750.71289
8982.37695
9233.84082
9346.24023
9587.4375
9694.63672
9906.23438
10025.166
10241.2979
10350.6963
10477.8281
10593.2275
10796.1592
10898.6914
11025.4229
11104.6221
11207.1543
11340.8867
11458.9521
11561.8848
11753.749
11861.0146
12079.8125
12186.8115
12408.0762
12652.0732
12768.4053
13008.2031
13124.6689
13334.9336
13575.6641
13681.7969
13911.2607
14021.126
14248.5908
14359.9229
14582.6543
14663.1201
14746.1855
14931.3174
15040.4492
15139.0488
15322.5801
15429.7793
15611.6436
15718.7764
15914.5742
16023.2402
16112.2393
16313.3701
16417.7695
16639.3008
16743.6328
16979.2969
17086.0957
17310.4277
17421.959
17625.4902
17731.0234
17834.7559
17928.2871
18024.5527
18138.6191
18228.6836
18296.6836
18362.8164
18420.6816
18486.2812
18567.5469
18663.2129
18762.5449
18839.5449
18923.1445
19048.2754
19189.4082
19297.207
19459.3379
19549.8711
19696.4688
19875.2012
19977.2676
20166.332
20332.9961
20423.8633
20477.5293
20514.2617
20549.4609
20579.5273
20611.793
20653.3262
20773.793
20813.6582
20868.0586
21051.3223
21103.9219
21158.0547
21203.1211
21342.5195
21430.9863
21523.7852
21576.25
21613.584
21655.5176
21698.3164
21738.916
21791.4492
21860.248
21943.3809
22030.0469
22127.7129
22249.3105
22405.8418
22501.1758
22623.707
22731.1055
22859.6387
22963.3711
23082.7031
23163.7676
23279.6348
23383.5
23463.7656
23553.6309
23625.1641
23675.9629
23712.8965
23749.0957
23777.8281
23804.0293
23830.8281
23859.8945
23894.627
23931.0938
23971.2266
24020.2266
24082.293
24164.8926
24235.8906
24317.8906
24376.957
24446.8887
24533.6875
24587.2207
24630.1543
24673.0195
24696.8203
24726.752
24775.0195
24852.6172
24946.084
25039.6172
25099.2148
25146.1484
25169.8809
25192.5488
25212.8809
25232.8809
25254.0137
25279.6797
25314.7461
25358.7461
25446.7461
25520.4785
25591.4766
25675.0098
25765.8086
25878.6738
25953.873
26041.0723
26138.0059
26234.6035
26312.0039
26415.2031
26518.1348
26613.9336
26729.0664
26803.332
26876.9316
26970.1309
27063.3301
27147.3945
27202.9941
27252.6602
27291.9277
27324.9941
27359.6602
27396.5254
27435.0586
27494.7246
27550.8574
27603.5234
27649.8574
27704.457
27762.2559
27824.0547
27901.9219
27972.6543
28042.1855
28112.0527
28186.252
28249.3848
28318.3164
28412.8496
28540.5137
28614.5801
28681.1797
28779.0449
28853.5781
28928.5098
29002.1094
29084.043
29121.8418
29143.041
29166.9082
29187.9082
29209.1074
29231.5742
29260.6406
29301.1074
29395.1719
29537.3047
29722.1035
29918.1016
30119.2988
30296.2305
30410.4297
30511.8945
30739.0918
30815.625
30931.4238
31122.5547
31321.4199
31426.5527
31615.9512
31816.5488
32029.6797
32131.0781
32352.4102
32544.0078
32646.0742
32747.9395
32849.2031
32983.0703
33124.0703
33215.6016
33344.1328
33466.8672
33558.332
33653.9961
33693.1953
33718.4609
33744.7305
33768.7969
33791.2617
33813.4609
33836.3281
33859.3281
33884.5938
33908.9258
33934.9922
33963.6602
33993.9258
34027.8594
34065.3945
34107.793
34154.3906
34210.2578
34276.7891
34368.8555
34442.2539
34521.9219
34642.5195
34746.1875
34821.7852
34913.6523
35003.9844
35092.7812
35176.8477
35290.582
35375.5117
35489.7109
35563.2461
35725.7109
35801.2422
35873.1758
35957.9062
36074.7734
36170.9062
36270.9023
36359.3047
36503.9023
36605.168
36694.8984
36783.5
36872.3633
36973.6289
37037.6289
37098.8281
37174.5625
37284.3594
37398.5586
37563.1562
37752.1562
37944.4883
38148.6836
38252.418
38435.5508
38643.8789
38733.8789
38840.2109
38953.4766
39026.0078
39079.2773
39137.207
39222.4727
39329.3398
39499.0703
39603.2031
39792.4023
40006.2656
40108.4648
40307.332
40465.9961
40629.0586
40775.3906
40894.2578
40975.457
41053.5898
41162.2539
41361.4531
41575.6523
41680.9844
41778.5156
41960.3789
42172.7773
42278.2422
42487.043
42602.5742
42849.5703
42953.8359
43200.0352
43310.6328
43522.7656
43633.7617
43748.9609
43844.0938
43958.293
44064.293
44149.4922
44248.2891
44335.2227
44415.6211
44486.4883
44530.9531
44577.4883
44643.4883
44729.5508
44821.3516
44899.0859
44963.3516
45038.2812
45124.082
45232.9492
45327.7461
45415.2773
45455.8125
45477.0117
45497.8125
45518.4766
45539.8125
45561.543
45583.8789
45634.7422
45662.875
45694.4102
45729.2773
45767.3438
45812.6758
45861.7422
45949.875
46050.0742
46114.5391
46184.8711
46259.2031
46342.5352
46421.0703
46501.8672
46578.0664
46665.8672
46745.4648
46846.9297
46921.5977
46990.3984
47067.0625
47149.5273
47242.3281
47391.1914
47578.6562
47796.7227
47907.1875
48059.9844
48270.918
48451.8477
48600.6484
48702.4453
48788.3125
48871.5781
48935.1094
48995.6445
49038.1094
49093.8438
49144.4414
49236.8398
49351.9727
49493.1719
49594.6367
49692.7695
49777.4375
49876.4336
49969.3008
50059.4336
50139.9648
50207.832
50274.2969
50312.2969
50370.1641
50429.0273
50479.1602
50525.2266
50567.3594
50626.3594
50695.1602
50770.625
50813.0234
50880.2227
50969.8906
51055.8242
51144.5547
51242.4219
51421.9531
51589.4844
51677.4844
51763.8828
51879.082
52020.2812
52215.0117
52316.2109
52426.3438
52532.0742
52728.8711
52936.2695
53172.4023
53284.6016
53503.3984
53723.1289
53967.7266
54081.125
54315.7227
54438.8555
54684.3203
54907.6523
55141.0469
55255.4492
55459.0469
55696.9766
55931.5742
56041.9062
56207.0391
56386.6367
56601.168
56800.1641
56913.3633
57015.6289
57194.8281
57301.4922
57397.0273
57506.8242
57623.2227
57713.0234
57805.4883
57890.9531
57979.7539
58066.418
58163.1523
58276.4844
58437.6172
58535.2812
58667.3477
58861.9453
58963.0117
59069.4766
59180.207
59225.4727
59289.3398
59365.6719
59472.3398
59608.1367
59758.5352
59856.2031
59954.4023
60032
60099.3984
60147.1992
60203.0664
60259.7969
60323.7969
60391.0625
60461.7969
60523.8633
60598.4609
60680.3281
60776.0586
60854.457
60933.7891
61008.3242
61102.0547
61237.1211
61360.5195
61439.1172
61517.0508
61589.918
61661.9844
61760.6484
61869.9141
61971.1797
62074.0469
62190.7109
62507.3086
62615.2422
62957.5703
63077.3008
63231.0352
63406.4336
63588.8984
63731.5625
63875.8945
64042.0273
64126.8242
64224.957
64346.957
64473.6211
64561.7539
64660.0195
64771.2852
64926.5508
65108.6836
65223.6797
65379.6133
65547.2812
65743.4766
65939.1406
66160.1406
66369
66484.0703
66631.2031
66757.1953
66867.9297
66963
67051
67220.2578
67422.8594
67537.5938
67753.6562
67870.9844
68022.7891
68106.8516
68208.4531
68308.0469
68483.9844
68644.7109
68750.4453
68884.9766
68982.1094
69074.3125
69150.5781
69252.5078
69331.1719
69404.9688
69465.1719
69528.1719
69608.5703
69730.9062
69842.8359
69943.2969
70033.2969
70194.9609
70297.8984
70461.4297
70548.625
70618.2969
70705.5625
70806.4219
70898.2266
70990.6875
71124.9531
71234.1562
71313.2891
71414.3516
71590.9531
71685.0859
71768.3516
71938.0781
72044.6797
72254.2109
72467.875
72581.3438
72791.6016
72907.8672
73109.3359
73224.1328
73435.1328
73554.9297
73710.5938
73914.7266
74029.5938
74232.8594
74337.2578
74424.5234
74500.0547
74570.7891
74629.6562
74712.3203
74789.3203
74873.9141
74938.4531
74999.0469
75045.0469
75100.7812
75170.6484
75264.9141
75343.3125
75411.1797
75474.7812
75520.3125
75561.0469
75599.5781
75650.5078
75720.7109
75799.9062
75878.1094
75976.9062
76076.2422
76195.5703
76284.7031
76363.6328
76537.8359
76622.2969
76697.9688
76820.6953
76869.8984
76928.6953
77013.0938
77086.4922
77149.7656
77229.8281
77306.1641
77378.625
77453.7578
77529.1562
77606.0938
77705.3594
77790.3516
77879.2891
78026.5547
78108.6172
78172.1484
78229.8203
78282.6172
78322.0156
78361.1484
78407.6797
78457.6172
78508.2188
78581.3438
78669.3438
78764.4766
78843.0078
78944.5469
79032.2109
79126.4766
79197.6719
79249.8047
79305.0078
79336.2734
79375.7422
79411.2031
79451.0703
79523.4062
79623.6719
79742.0703
79821.4688
79861.8672
79900.8672
79945.6016
79985.8672
80024.4688
80063.3359
80109.7969
80251.1953
80409.5312
80588.1953
80675.4609
80722.5938
80830.3281
80926.5234
81022.5859
81120.3203
81299.7188
81537.9141
81959.6484
82242.375
82340.1797
82496.3047
82686.2422
82792.1016
82968.6406
83180.7031
83279.6328
83499.5625
83613.0312
83837.1641
84086.6953
84193.4922
84419.2188
84528.8203
84659.1562
84742.9531
84831.6875
84896.2812
84960.8828
85009.0859
85054.6797
85106.8828
85153.9453
85230.5469
85330.8125
85439.4141
85523.6094
85560.4766
85594.9453
85626.875
85666.2109
85726.3438
85793.9453
85858.0078
85951.5391
86092.0703
86281.5391
86439.8047
86514.8047
86586.0703
86788.3359
87010.1328
87231.3906
87457.3281
87695.3203
87875.9844
87985.7891
88108.1875
88171.0547
88238.3828
88302.9844
88382.25
88472.7188
88561.9141
88666.4453
88723.0469
88796.5156
88901.2422
89042.7109
89344.7031
89403.5703
89470.5078
89549.375
89660.7734
89765.7656
89875.2344
90068.5
90271.4297
90499.0312
90737.625
90979.0938
91097.9531
91316.9531
91558.0156
91794.75
92040.9453
92150.7422
92384.5391
92507.875
92745.7422
92859.3359
93108.1328
93215
93432.1328
93547.7344
93757.8594
93865.1953
94078.8594
94193.3281
94401.8594
94516.0547
94715.6562
94823.3203
94919.4531
94995.3828
95056.25
95106.6484
95173.3125
95261.8438
95377.3125
95480.5781
95582.375
95657.2422
95756.9062
95891.375
96017.9062
96109.4375
96213.0391
96325.9062
96429.4375
96533.3047
96632.1016
96683.8359
96727.5625
96777.0312
96821.3672
96857.7656
96886.6328
96910.0312
96932.8281
96956.3672
96978.6328
97001.9609
97026.0938
97052.6328
97081.2969
97112.9609
97148.9609
97187.6953
97230.2266
97310.4297
97366.3594
97427.4219
97499.9609
97610.4922
97680.8203
97734.6875
97782.9531
97820.9531
97857.3516
97902.0859
97970.3516
98049.4219
98120.4219
98205.3516
98287.2812
98358.6172
98418.4141
98474.0781
98503.1484
98530.5469
98558.2812
98581.75
98601.9453
98623.9453
98648.4141
98676.8125
98708.4141
98745.6094
98787.6797
98836.0781
98983.0781
99074.3438
99226.0078
99313.4766
99361.4062
99397.2031
99442.0078
99507.6719
99577.0078
99647.5391
99708
99779.1328
99856
99926.6641
99998.7344
100058
100225.062
100328.93
100588.461
100664.594
100761.125
100950.461
101134.719
101210.789
101329.25
101443.516
101523.453
101670.18
101853.781
101952.117
102037.18
102115.914
102242.312
102447.172
102554.039
102777.375
102876.039
103071.766
103184.102
103375.102
103497.828
103714.094
103822.766
104031.625
104133.227
104326.359
104433.688
104549.758
104710.883
104996.617
105207.078
105314.148
105519.742
105729.945
105832.211
105956.875
106237.867
106336.734
106532.469
106641.734
106839.266
107024.461
107127.195
107325.93
107429.594
107603.859
107785.992
107888.188
108085.32
108193.984
108377.117
108593.781
108705.312
108897.242
109013.977
109207.906
109421.438
109526.305
109703.836
109905.836
110014.367
110223.562
110330.766
110541.359
110649.625
110745.828
110823.758
110901.758
111003.156
111103.086
111184.289
111241.086
111303.688
111366.484
111419.352
111474.75
111535.086
111613.883
111691.281
111778.352
111872.68
111954.414
112026.812
112084.414
112162.211
112267.414
112408.273
112512.273
112646.938
112740.609
112838.805
112913.469
112981.805
113037.07
113098.938
113154.07
113205.469
113247.734
113299.734
113356.266
113411.602
113489.398
113586
113671.328
113768.992
113842.797
113948.859
114034.195
114109.391
114202.125
114292.32
114358.188
114418.523
114488.586
114537.258
114577.32
114621.719
114677.25
114756.516
114857.648
114952.117
115023.117
115098.719
115180.047
115262.445
115328.977
115386.977
115444.047
115501.047
115551.977
115609.242
115664.445
115704.578
115748.578
115797.172
115837.375
115880.906
115934.039
115991.242
116053.906
116122.039
116197.773
116291.836
116403.836
116544.836
116707.766
116793.836
116921.164
117010.094
117168.094
117259.094
117429.156
117637.891
117740.82
117867.484
118053.086
118156.688
118346.484
118439.547
118555.617
118664.211
118881.68
118974.078
119076.742
119285.211
119391.273
119497.742
119598.406
119797.867
120028
120123.195
120294.328
120507.859
120614.797
120799.328
120920.055
121140.852
121239.922
121433.453
121544.383
121756.25
121863.781
122063.781
122178.914
122402.039
122620.109
122732.703
122931.906
123090.836
123205.633
123315.164
123539.828
123658.43
123892.625
124000.359
124211.289
124416.422
124656.75
124770.086
124917.414
125140.945
125251.148
125460.078
125572.812
125734.344
125838.742
126058.008
126164.469
126309.469
126385.469
126515.867
126663.93
126759.062
126909.531
127004.531
127090.398
127184.531
127288.125
127381.727
127527.523
127619.055
127695.859
127784.188
127892.852
127957.523
128037.852
128115.648
128227.781
128331.586
128443.117
128625.914
128858.18
128963.578
129191.109
129281.242
129441.703
129536.508
129682.836
129758.039
129820.438
129868.031
129917.633
129969.367
130051.43
130200.297
130307.031
130423.227
130574.031
130729.023
130828.422
130964.227
131123.891
131210.547
131302.422
131397.75
131559.219
131649.953
131740.484
131827.344
131919.547
132034.875
132199.344
132389.406
132492.078
132600.281
132714.266
132814.406
132901.344
133000.797
133086.734
133162.609
133239.203
133355.203
133443.328
133531.672
133611.531
133735.266
133824.594
133919
134015.859
134089.125
134163.062
134226.25
134286.062
134364.797
134496.594
134650.188
134756.922
134852.453
134939.984
135023.391
135086.109
135163.781
135266.844
135344.781
135414.781
135514.984
135715.844
135924.5
136153.109
136255.172
136496.828
136618.234
136860.234
136965.234
137192.031
137306.234
137526.484
137770.156
137878.094
138103.625
138226.016
138474.156
138583.281
138823.938
138935.812
139167.875
139282.812
139480.406
139698.469
139806.734
140035.328
140138.203
140347.125
140558.922
140614.266
140663.062
140705.188
140746.922
140787.391
140828.719
140871.656
140919.922
140978.125
141050.25
141138.859
141244.328
141362.391
141508.922
141679.578
141784.922
141939.188
142090.453
142174.25
142241.984
142305.312
142360.438
142421.109
142489.047
142562.438
142652.5
142736.578
142817.844
142889.766
142943.844
143008.641
143076.031
143139.969
143199.031
143247.766
143297.562
143363.438
143438.031
143506.828
143569.969
143625.766
143699.891
143775.156
143843.031
143905.625
143976.766
144054.891
144134.891
144206.828
144268.156
144335.484
144408.828
144486.891
144559.953
144623.625
144664.219
144702.359
144741.688
144801.484
144871.75
144956.016
145041.281
145118.344
145191.688
145270.75
145330.75
145395.078
145483.547
145572.484
145742.938
145950.734
146168.938
146270.406
146502.672
146592.672
146689.531
146860.125
147082.469
147176.656
147356.453
147575.125
147684.594
147906.984
148010.781
148156.391
148318.516
148511.719
148612.844
148825.25
148925.844
149134.969
149234.047
149431.172
149540.969
149764.031
149870.234
150070.031
150175.703
150408.625
150516.297
150734.219
150847.422
151099.281
151210.094
151417.156
151523.422
151699.219
151798.078
152009.406
152118.344
152266.938
152433.141
152552.141
152721.875
152931
153050.734
153248.875
153361.141
153590.859
153826.469
153937.453
154160.719
154270.656
154505.594
154739.312
154975.719
155087.109
155277.109
155339.188
155409.578
155481.516
155545.781
155611.047
155672.984
155729.844
155803.844
155886.578
155945.844
156009.109
156043.906
156078.172
156122.031
156163.578
156211.578
156280.297
156358.172
156443.828
156547.172
156613.297
156698.5
156806.828
156937.359
157039.703
157154.828
157237.688
157423.156
157649.75
157849.281
158072.156
158170.891
158252.078
158336.422
158421.281
158496.281
158589.75
158668.953
158763.547
158966.016
159077.281
159241.203
159439.078
159535.531
159656.266
159756.469
159847.406
159963.531
160047.406
160136.328
160269.938
160360.594
160442.734
160524.734
160638.328
160853.188
161062.859
161311.922
161415.859
161518.656
161661.188
161751.984
161820.109
161881.719
161935.312
162041.047
162229.719
162399.578
162504.047
162609.047
162708.109
162771.109
162842.234
163008.766
163087.969
163155.375
163227.703
163387.828
163576.766
163678.828
163905.766
164001.5
164163.953
164358.094
164463.562
164627.219
164821.078
164929.281
165135.078
165243.75
165396.344
165557.875
165651.078
165751.469
165860.469
165944.547
166019.609
166085.406
166147.672
166203.344
166251.266
166311.266
166375
166416.734
166465.875
166532.203
166620
166723.469
166867.797
166934.594
167021.328
167144.797
167232.656
167337.328
167398.859
167472.453
167566.25
167654.656
167740.656
167793.328
167838.656
167913.781
167993.719
168072.25
168159.578
168239.656
168291.453
168342.656
168408.516
168459.719
168527.719
168595.844
168655.312
168700.844
168732.172
168758.109
168780.781
168801.906
168821.438
168842.047
168863.375
168886.984
168909.172
168933.047
168957.703
168982.25
169009.969
169039.438
169075.641
169117.578
169165.844
169203.578
169223.969
169242.578
169260.969
169279.578
169298.047
169317.234
169337.109
169357.5
169380.906
169405.375
169430.031
169456.234
169485.172
169515.969
169548.234
169583.297
169619.031
169654.703
169683.438
169717.562
169742.297
169764.906
169787.031
169809.969
169843.234
169881.828
169928.234
169983.828
170047.297
170137.625
170213.297
170312.625
170426.297
170486.562
170541.422
170604.156
170651.297
170691.156
170736.156
170778.422
170818.031
170854.031
170898.688
170964.094
171045.359
171114.359
171169.281
171209.219
171255.547
171321.016
171408.422
171518.625
171596.016
171630.156
171667.891
171706.156
171736.609
171767.688
171799.547
171826.547
171855.344
171878.547
171901.281
171925.688
171954.344
171980.484
172008.812
172040.406
172068.953
172097.344
172124.406
172149.406
172171.75
172193.938
172215.344
172235.406
172256.281
172276.812
172298.875
172323.875
172351.812
172379.344
172409.875
172443.672
172480.281
172520.141
172561.547
172606.203
172654.609
172699
172747.672
172814.609
172889.344
172987.672
173067.203
173126.469
173178.531
173241.469
173378.141
173468.125
173544.125
173655.797
173797
173881.391
174046
174229.391
174326.391
174524.25
174627.188
174875.656
174968.578
175087.25
175170.25
175252.25
175317.844
175500.516
175607.109
175800.844
176018.234
176129.578
176344.562
176583.094
176690.094
176925.5
177035.625
177263.828
177506.359
177621.219
177729.484
177937.75
178145.953
178260.344
178496.344
178609.219
178858.016
178965.016
179191.938
179308.672
179526.203
179642.938
179861.672
180078.125
180183.938
180384.734
180500.734
180728.531
180835.266
181057.062
181300.516
181412.125
181650.516
181764.453
181983.25
182093.844
182312.25
182406.172
182485.578
182565.312
182627.844
182676.234
182731.5
182819.312
182946.234
183121.969
183230.031
183419.234
183644.438
183751.891
183972.5
184212.031
184330.094
184575.625
184822.078
184936.891
185181.812
185428.484
185666.141
185908.406
186030.469
186261
186388.406
186636.859
186749.734
186987.734
187100.469
187346.859
187463.719
187694.516
187818.594
188057.125
188167.922
188410.453
188523.844
188774.984
188889.906
189131.312
189247.906
189506.5
189617.969
189857.234
189961.297
190180.969
190288.5
190523.156
190627.031
190853.625
190957.219
191132.688
191218.484
191302.75
191401.953
191521.344
191633.016
191696.812
191746.812
191815.812
191906.812
191993.953
192092.016
192173.609
192260.75
192367.281
192498.406
192659.875
192836.531
193012.266
193118.203
193352.938
193450.531
193679.391
193785.594
194008.531
194116.531
194344.656
194448.781
194678.125
194900.781
195008.922
195142.25
195327.109
195430.516
195571.438
195625.641
195795.906
195888.578
196056.312
196154.641
196370.766
196469.703
196669.969
196766.625
196969.891
197039.234
197130.156
197321.891
197423.891
197619.359
197721.484
197938.688
198044.547
198235.625
198340.547
198557.812
198659.141
198875.938
198977.938
199186.406
199289.609
199509.406
199615.344
199837.328
199943.469
200190.469
200288.062
200480.328
200583
200712.062
200921.797
201026.594
201240.859
201345.859
201540.516
201645.922
201839.188
201933.188
202057.906
202155.375
202288.984
202391.516
202456.312
202528.438
202624.5
202797.578
202907.297
203101.906
203207.297
203405.969
203501.828
204049.688
204161.219
204384.297
204488.219
204829.812
204931.219
205016.219
205227.484
205280.219
205344.078
205427.141
205510.141
205588.406
205669.672
205740.344
205814.609
205885.141
205939.281
206003.078
206074.469
206153.938
206223
206295
206392.797
206460.797
206511.406
206573.203
206638.859
206687.859
206854.594
206947.656
207001.734
207065.125
207240.125
207414.656
207502.531
207537.266
207569.656
207598.594
207622.188
207644.859
207666.062
207686.859
207707.797
207728.188
207760.188
207792.922
207828.062
207866.719
207914.453
207969.781
208030.719
208115.922
208216.781
208331.516
208447.719
208593.312
208786.719
209000.172
209546.703
209652.906
209854.766
210095.969
210198.891
210425.562
210536.297
210775.359
210946.562
211047.953
211146.422
211241.688
211348.484
211520.422
211685.688
211881.547
212091.078
212301.281
212406.406
212611.469
212864.469
212977
213212.875
213464.328
213572.797
213787.266
213904.188
214054.797
214144.656
214242.797
214326.391
214419.391
214510.453
214603.125
214675.984
214729.453
214767.516
214822.922
214871.25
214927.25
214977.781
215040.719
215144.922
215265.25
215361.578
215458.844
215640.109
215748.516
215955.781
216185.031
216401.906
216520.031
216753.359
216853.359
216965.359
217093.766
217202.5
217374.156
217470.031
217545.562
217635.156
217724.422
217806.359
217852.562
217886.688
217924.75
217956.828
217986.625
218015.484
218051.359
218094.484
218140.281
218191.953
218268.75
218416.484
218477.688
218547.219
218589.281
218635.484
218685.078
218743.672
218810.812
218882.875
218925.203
218974.875
219029.609
219094.672
219169.344
219266.547
219368.141
219435.344
219490.078
219536.938
219577.672
219618.609
219658.531
219694.875
219731.797
219767.797
219811.938
219854.062
219904
219949.141
219988.203
220016.141
220039.062
220058.469
220077.203
220095.531
220114.406
220136.125
220158.859
220186.062
220216.734
220251.594
220291
220334.125
220382.125
220427.391
220475.188
220505
220524.922
220543.469
220559.859
220576.266
220592.922
220609.922
220627.922
220646.922
220672.656
220701.531
220733.453
220770.453
220811.266
220855.859
220904.188
220947.656
220992.328
221029.984
221064.859
221096.656
221124.922
221147.922
221169.391
221191.328
221212.328
221233.188
221253.453
221277.188
221316.047
221345.781
221377.984
221412.922
221451.188
221488.312
221527.578
221565.312
221594.781
221632.25
221677.312
221730.922
221790.844
221850.781
221909.578
221966.047
222034.578
222102.047
222161.781
222217.25
222281.906
222322.578
222356.844
222396.703
222437.047
222477.969
222526.703
222585.109
222638.047
222688.312
222750.844
222841.5
222915.766
223018.031
223071.906
223185.297
223243.094
223292.438
223372.297
223523.234
223591.094
223653.625
223781.359
223928.422
223994.031
224070.688
224265.953
224485.094
224709.219
224821.688
225067.078
225303.953
225424.672
225649.812
225894.734
226014.203
226251.938
226354.406
226564
226805.734
226917.859
227129.328
227365.531
227482.594
227735.328
227921.594
228129.656
228287.453
228333.25
228390.516
228441.047
228485.656
228532.641
228616.641
228720.844
228829.844
228955.844
229084.047
229173.641
229232.969
229305.844
229473.172
229577.375
229680.703
229854.094
230058.906
230169.031
230378.031
230481.297
230726.359
230832.297
231045.688
231267.547
231473.484
231705.75
231815.75
232049.609
232163.75
232399.609
232508.734
232733.812
232836.406
233048.203
233160.266
233376.672
233488.859
233699.922
233787.859
233900.266
234063.797
234180.656
234373.328
234467.453
234558.25
234680.594
234860.453
234964.781
235105.047
235239.984
235421.516
235533.109
235675.312
235793.234
235886.438
236007.234
236093.844
236194.312
236292.297
236381.172
236467.375
236514.828
236598.969
236748.359
236851.562
236951.703
237106.562
237217.828
237341.891
237455.891
237551.688
237641.953
237776.484
237960.688
238060.219
238191.75
238322.547
238511.75
238634.484
238771.953
238868.016
238932.078
238979.406
239051.141
239151.938
239282.609
239413.406
239502.344
239562.938
239637.734
239715.875
239804.328
239880.203
239962.141
240044.469
240106
240184.797
240281.203
240391.656
240468.797
240537.328
240619.859
240692
240776.453
240809.797
240844.719
240876.594
240898.656
240918.797
240937.984
240956.25
240973.719
240992.125
241009.859
241028.453
241047.453
241067.797
241090.328
241115.859
241143.328
241172.188
241203.328
241236.125
241272.594
241311.391
241353.516
241400.516
241508.188
241558.781
241610.984
241664.984
241721.312
241782.188
241819.312
241850.516
241873.578
241894.781
241914.312
241934.047
241955.781
241976.453
241999.719
242022.109
242050.109
242081.109
242114.984
242152.375
242192.578
242237.516
242285.578
242331.844
242383.375
242443.969
242506.172
242568.906
242633.234
242698.234
242776.906
242860.109
242934.641
243015.844
243050.172
243076.172
243103.297
243132.172
243166.375
243203.906
243243.703
243287.234
243335.031
243384.828
243440.5
243497.172
243560.234
243622.969
243692.766
243767.422
243848.766
243903.891
243968.562
244036.094
244089.562
244140.484
244198.297
244257.359
244325.688
244423.422
244520.75
244627.625
244731.75
244871.75
245005.422
245175.422
245332.281
245506.609
245608.078
245742.672
245893.547
245981.141
246078.547
246189.266
246324
246523.875
246634.734
246837.391
247054.734
247275.188
247380.328
247509.188
247591.656
247673.453
247753.453
247832.453
247914.125
247987.594
248032.312
248066.781
248103.25
248135.656
248197.984
248239.25
248302.984
248388.578
248449.922
248493.516
248525.922
248576.312
248647.844
248743.906
248826.641
248923.984
248988.172
249030.109
249090.172
249137.703
249177.047
249222.5
249275.234
249358.234
249452.172
249535.906
249614.234
249668.109
249700.641
249734.969
249761.766
249788.375
249817.234
249851.375
249887.906
249928.828
249975.703
250060.172
250124.438
250189.234
250264.625
250346.891
250417.562
250488.094
250544.766
250610.688
250701.156
250811.625
250919.562
250994.359
251065.359
251201.828
251267.688
251356.281
251457.953
251576.156
251642.891
251678.891
251711.281
251742.078
251770.75
251796.688
251821.812
251844.609
251866.484
251888.344
251909.875
251930.953
251953.484
251977.219
252000.547
252023.281
252045.75
252066.344
252086.547
252108.953
252145.344
252172.484
252200.547
252231.141
252263.938
252297.75
252333.938
252373.344
252413.672
252456.078
252504.078
252554.141
252611
252651
252690.547
252740.547
252812.938
252935.406
253073.609
253226.328
253328.672
253467.406
253561.391
253685.469
253792.594
253875.531
253952.656
253994.453
254068.719
254167.922
254331.328
254521.125
254725.719
254889.391
255096.578
255203.188
255306.719
255452.453
255570.375
255763.25
255880.516
255992.109
256156.703
256269.375
256472.109
256586.828
256958.766
257065.766
257182.766
257317.766
257376.891
257413.5
257445.031
257469.422
257485.297
257502.031
257518.953
257537.359
257555.891
257574.625
257594.094
257612.359
257631.031
257650.156
257671.828
257692.828
257717.094
257743.156
257770.094
257799.156
257830.422
257864.281
257900.422
257938.625
257979.812
258025.422
258076.078
258145.219
258236.422
258317.75
258402.281
258500.281
258620.688
258740.953
258881.672
259041.469
259214.609
259319.141
259504.531
259711.734
259818.266
259989.672
260099
260241.328
260401.328
260580.594
260750.859
260855.453
261040.391
261240.719
261422.719
261599.656
261794.781
261910.922
262094.781
262152.969
262243.844
262444.969
262557.719
262766.625
263001.375
263111.906
263239.781
263390.844
263576.156
263783.75
263906.625
264048.281
264234.562
264344.875
264451.562
264532.75
264612.281
264669.031
264714.562
264772.562
264843.938
264914.094
264991.219
265059.812
265121.688
265194.469
265275.469
265354.531
265442.875
265520.75
265591.219
265619.281
265651.75
265685.219
265734
265794.156
265871.812
265958.688
266036.219
266108.594
266181.656
266259.812
266313.812
266355.531
266388.594
266409.875
266429.344
266448.656
266467.406
266486.531
266505.406
266525.531
266545.188
266565.812
266584.812
266608.938
266635.938
266667.125
266701.344
266737.531
266775
266815.469
266862.406
266915.125
266948.188
266995.125
267050.938
267104.406
267157
267202.656
267256.25
267308.188
267377.594
267471.062
267604.719
267693.844
267781.062
267845.531
267921.531
267976.656
268047.594
268143.781
268242.969
268316.969
268408.312
268533.188
268609.438
268677.969
268761.656
268881.125
268999.25
269163.781
269382.844
269566.625
269757.781
269994.562
270239.969
270505.281
270622.5
270880.688
271136.875
271256.281
271488.812
271738.469
271834.938
272060.531
272306.531
272422.938
272659.219
272906.469
273019.812
273227.188
273482.719
273595.062
273808
274060.312
274173.719
274397.25
274639.531
274843.375
274962.969
275171.656
275365.375
275475.25
275644.844
275747.562
275891.375
275967.5
276072.375
276169.156
276255.25
276330.156
276397.969
276474.688
276558.688
276639.969
276725.219
276800.375
276850.969
276889.312
276931.312
276962.031
276990.219
277014.281
277036.031
277060.906
277094.375
277132.844
277168.375
277208.281
277276.5
277338.969
277397.562
277450.344
277542.281
277668.031
277755.75
277889.094
278095.875
278203.562
278420.469
278604.219
278829.812
278946.938
279179.344
279297.938
279517.344
279736.281
279852.188
280050
280246.188
280360.781
280563.062
280660.406
280832.188
280940.188
281089.375
281275.594
281484.062
281593.188
281740.375
281939.375
282041.031
282246.719
282353.781
282570.094
282682.031
282907.25
283013.844
283215.906
283322.219
283540.312
283650.156
283898.906
284006.156
284204.562
284311.344
284400.344
284583.344
284768.344
284877.406
285077.406
285186.469
285392.938
285503.875
285703.531
285911
286124.812
286234.875
286468.406
286580.531
286681.188
286782.125
286895.875
287012.656
287091.062
287124.656
287191.469
287271.25
287350.062
287451.406
287518.469
287596.188
287674.938
287758.594
287818.594
287922.125
288002.781
288076
288152.188
288243.188
288383.188
288513.438
288603.438
288669.375
288708.594
288782.781
288877.125
288963.781
289051.656
289133.969
289315.438
289428.844
289517.969
289608.625
289685.844
289778.844
289857.844
289893.094
289970.562
290042.031
290107.219
290165.5
290212.688
290243.969
290270.438
290291.625
290310.688
290329.219
290349.281
290369.375
290390.094
290423.844
290459.969
290499.969
290546.156
290598.625
290670.219
290735.812
290802.281
290866.281
290943.812
291047.812
291177.812
291332.562
291496.406
291636.938
291737.812
291835.688
291983.156
292141.938
292242.625
292374.688
292458.281
292581.531
292675.875
292764.531
292836.062
292921.469
293056.188
293235.344
293440.812
293649
293758.719
293953.656
294174
294280.469
294522.844
294622.781
294846.125
294951.594
295171.906
295389.375
295494.781
295709.188
295810.188
296029.188
296146.625
296375.844
296485.969
296724.844
296842.094
297089.281
297198.562
297329.5
297492.219
297610.094
297688.094
297778.094
297980.094
298095.094
298191.938
298270.156
298357.875
298422.469
298491.344
298580.156
298680.156
298832.156
298993.469
299095
299309
299414.875
299554.344
299654.531
299793.75
299957.531
300062.656
300107.188
300197.719
300322.125
300481.188
300589.781
300713.125
300793.531
300906.188
301033.594
301155
301254.906
301390
301543.125
301774.719
301888.125
302081.25
302281.969
302380.562
302481.094
302572.656
302680.625
302823.5
303001.375
303107.781
303233.906
303316.031
303408.219
303492.906
303560.031
303639.312
303727.219
303809.156
303921.688
304011.5
304106.281
304229.219
304324.969
304475.031
304664.344
304881.344
305116.812
305229.344
305449.938
305554.625
305767.219
305998.812
306121.531
306347.281
306455.656
306661.188
306769.344
306983.188
307206.312
307425.312
307533.312
307743.125
307979.844
308082.656
308306.188
308411.969
308612.594
308728.969
308940.25
309175.188
309285.312
309402.312
309560.844
309674.781
309872.031
309979.312
310174.5
310291.031
310505.562
310612.688
310761.812
310874.906
310981.344
311094.812
311165.562
311244.75
311315.281
311387.625
311461.562
311512.75
311573.344
311660.219
311741.094
311832.281
311923.75
312061.344
312147.406
312243.75
312405.875
312499.938
312578.812
312664.531
312761.938
312868.062
312956.594
313014.219
313078.062
313162.469
313263.594
313370.188
313434.938
313482.594
313538.875
313608.531
313702.25
313802.062
313916.062
314003
314073.938
314150.719
314221.781
314350.719
314442
314518.844
314583.375
314639.469
314687.531
314738.906
314782.719
314826.375
314866.125
314907.062
314948.594
314993.062
315039.438
315100.656
315169.25
315287.656
315373.656
315525.969
315618.312
315720.125
315798.188
315860.094
315917.25
315982.188
316057.5
316192.25
316277.781
316444.562
316552.25
316755.688
316864.844
317046.844
317255.5
317468.812
317570.688
317685.438
317776.156
317983.281
318075.031
318175.281
318262.031
318385.875
318590.562
318706.938
318916
319017.75
319220.156
319321.531
319525.062
319845.062
320059.406
320171.188
320368.469
320475.938
320634.062
320805.719
321025.062
321130.531
321321.719
321520.438
321616.594
321833.375
321939.375
322168.656
322277.781
322498.188
322604.188
322820.781
322926.906
323131.5
323249.625
323474.094
323582.438
323780.094
324001.156
324111.5
324338.094
324448.094
324701.094
324807.75
325051.406
325167
325402.281
325521.688
325765.281
325848.531
325953.344
326095.594
326310.75
326414
326512.062
326616.719
326711.281
326802.188
326913.938
326998.875
327052.656
327094.656
327140.344
327223.719
327319.531
327493.781
327612.938
327748.938
327909.906
328114.906
328210.719
328322.125
328459.656
328553.375
328643.188
328791.031
328883.906
329004.312
329128.719
329239.188
329320.719
329362.969
329398.094
329442.844
329480.031
329506.844
329531.625
329554.156
329573.969
329594.25
329641.438
329691.312
329764.781
329861.906
330007.156
330110.375
330202.156
330299.375
330453.75
330683.281
330806.031
331050.5
331320.406
331436.688
331669.75
331925.469
332039.812
332266
332537.406
332646.875
332880.344
332994.344
333340
333452.594
333603.406
333767.25
333938.938
334028.188
334230.656
334453.312
334566.844
334803.656
334910.656
335159.719
335254.781
335374.781
335548.25
335659.125
335863.312
335961.719
336072.969
336285.562
336529.969
336629.156
336833.156
336943.844
337138.688
337248.812
337466.344
337574.5
337774.094
337881.344
338112.406
338222.75
338457.875
338563.469
338778.406
338888.812
339132.875
339248.406
339478.062
339588.594
339682.812
339921.469
340036.531
340285.062
340396.188
340509.25
340683.594
340857.719
340970.656
341179.719
341289.656
341536.125
341647.438
341856.188
341954.438
341999.438
342068.594
342156.781
342229.969
342281.562
342333.781
342392.906
342471.969
342550.656
342619.312
342688.25
342758.5
342801.25
342840.094
342898.844
342969.375
343042.375
343101.625
343171.625
343248.156
343307.844
343358.094
343427.094
343513.5
343597.312
343657.688
343715.688
343788.969
343883.156
343999.438
344092.281
344143.031
344198.438
344264.344
344364.625
344514.156
344602.156
344651.75
344706.875
344784.156
344856.344
344933.031
344997.219
345065.031
345148.625
345259.406
345475.156
345671.812
345878.469
346099.594
346204.344
346335.938
346503.469
346655.656
346758.188
346849.469
346941.812
347064.531
347204.594
347298.781
347363.781
347421.406
347494.469
347552
347608.375
347650.844
347699.125
347727.375
347765.25
347812.125
347882.25
347961.469
348027.531
348094.125
348156
348210
348260.906
348297.594
348331.062
348356.375
348377.312
348396.781
348416.125
348435.844
348457.25
348481.062
348506.312
348533.5
348561.906
348594.188
348630.969
348671.719
348716.031
348767.031
348819.719
348882.906
348973.188
349110.031
349188.844
349279.844
349385.25
349516.312
349581.781
349642.906
349747.781
349842.375
349959.906
350113.688
350201.094
350401.625
350502.969
350633.031
350728.094
350786.219
350867.969
351059.688
351157.156
351335.219
351570.281
351679.875
351868.875
351984.938
352122.938
352280.344
352391.156
352547.156
352723
352790.125
352861.812
352945.938
353031.469
353105.812
353154.344
353196.125
353250.062
353302.812
353370.062
353481.656
353670.188
353900.188
354015.719
354233.531
354455
354707.062
354815.719
355046.781
355166.25
355372.5
355610.719
355875.719
355978.375
356235.312
356494.562
356603.031
356976.219
357239.281
357348.031
357584.906
357710.219
357948.969
358226.625
358334.031
358609.094
358719.406
358957.812
359072.531
359315.812
359428.125
359668.125
359786.75
360027.125
360143.25
360369.938
360613.594
360717.719
360930.531
361043.375
361267.844
361361.531
361595.781
361710.25
361968.062
362089.656
362345.562
362469.5
362729.188
362843.156
363089.375
363201.562
363458.219
363569.219
363817.375
364058.031
364304.156
364569.75
364683.5
364947.938
365062.344
365310.75
365425.812
365672.688
365922.688
366036
366315.281
366423.125
366656.594
366765.875
366974.25
367071.594
367262.938
367367.469
367580.938
367686.062
367899.656
368013.062
368271.906
368377.969
368585.438
368689.656
368923.844
369039.188
369276.094
369521.438
369629.375
369874.094
369988.375
370227.969
370338.031
370614.375
370717.438
370964.688
371231.875
371342.031
371571.344
371684.812
371934.094
372044
372292.75
372394.062
372511.812
372702.062
372815.875
373041.75
373150.812
373392.062
373503.344
373732.719
373846.125
374097.469
374217.062
374473.062
374594.375
374868.062
374979.062
375231.719
375345.438
375590.125
375692.031
375906.438
376018.906
376247.781
376460.438
376554.5
376652.375
376735.906
376847.5
377081.094
377190.5
377438.969
377540.281
377810.625
377917.625
378171.875
378298.031
378574.938
378682.531
378920.75
379033.625
379289.219
379394.344
379631
379908.656
380014.531
380245.594
380354.25
380540.312
380635.594
380706.188
380780.125
380857.188
380956.188
381144.656
381229.469
381306.375
381388.656
381469.531
381559.781
381737.531
381832.656
382041.031
382126.719
382319.438
382417.781
382525.562
382656.188
382841.906
382937.25
383009.031
383055.906
383114.156
383176.25
383244.688
383320.781
383403.094
383488.5
383564.031
383605.906
383663.219
383726.031
383791.438
383835.562
383886.156
383931.906
383972.688
384012.5
384052.625
384092.906
384135.5
384177.156
384220.75
384250.156
384285.344
384318.688
384355.156
384391.219
384429.625
384466.031
384510.344
384564.75
384637.406
384722.344
384803.562
384914.812
384999.156
385068.094
385189.625
385275.75
385366.531
385470.344
385541.625
385625.812
385679.625
385729.531
385792.156
385872.406
385952.812
386030.344
386112.594
386182.125
386244.531
386277.531
386303.344
386326.344
386345.656
386363.469
386379.875
386395.281
386410.469
386425.812
386442.875
386461.188
386492.281
386526.188
386564.594
386608.719
386660
386791.812
386875
387043.719
387154.062
387354.594
387463.125
387665.531
387777.719
387935.188
388162.719
388258.656
388424.656
388625.438
388736.969
388933.25
389045.375
389279.625
389512.719
389623.375
389851.906
389966.688
390206.438
390431.688
390546.281
390806.219
390914.906
391137.281
391373.094
391477.812
391590.031
391787.562
391883.156
392090.531
392192
392404.344
392519.688
392734.688
392855.344
393048.531
393148.281
393349.594
393467.812
393712.719
393824.656
394038.469
394158.406
394371.062
394484.719
394705.312
394942.062
395063.375
395303.438
395414.906
395625.25
395833.438
395939.562
396166.094
396277.156
396488.781
396606.969
396850.562
396963.5
397191.219
397300.969
397411.5
397613.812
397719.094
397927.562
398034.406
398248.156
398356.281
398565.938
398675.812
398817.344
398941.281
399051.406
399172.75
399271.281
399356.062
399446.219
399554.406
399715.406
399813.531
399900.812
399972.719
400043.531
400126.719
400229.469
400313.719
400418.938
400503.344
400574
400645.531
400720.938
400904.188
401011.594
401150.469
401336
401434.125
401652.781
401764.719
401962.844
402075.781
402224.906
402329.781
402441.781
402663.625
402777.625
402974.906
403213.375
403322.969
403535.688
403644.75
403860.75
403971.281
404188.688
404299.094
404522.156
404641.094
404903.406
405008.875
405206.562
405318.281
405538.875
405647
405869.938
405976.875
406147.344
406227.219
406328.875
406570.594
406677
406916.719
407025.781
407235.469
407343.406
407567.125
407673
407892.594
407999.844
408218.312
408323.531
408567.375
408678.5
408914.781
409021.844
409245.312
409358.094
409538.5
409654.5
409876.312
409973.219
410072.625
410177.219
410263.969
410339.688
410412.969
410481.156
410546.562
410605.75
410682.688
410847.281
410966.688
411178.5
411402.938
411513.75
411724.875
411842.625
411992.938
412079.875
412182.625
412398.938
412618
412721.281
412960.281
413060.656
413176.75
413238.406
413306
413386.344
413568.062
413631.594
413712.125
413798.344
413872.188
413976.25
414088.312
414191.531
414362.594
414456.656
414641.719
414749.781
414842.781
414927.125
414999.594
415062.062
415135.656
415231.656
415360.594
415454.969
415617.781
415722.844
415892.906
415989.781
416104.438
416208.156
416309.969
416499.438
416609.312
416719.094
416823.094
416914.438
417066.688
417265.562
417369.906
417468.5
417693.219
417793.094
417892.969
417967.812
418038.5
418110.156
418175.625
418259.875
418446.406
418557.406
418749.281
418960.406
419079.406
419263.938
419502.812
419607.344
419809.188
419926.406
420135.125
420236.812
420448.125
420545.875
420756.938
420948.656
421053
421222.844
421345.062
421526.906
421630.25
421726.062
421828.906
422011.656
422107.969
422236.781
422337.25
422431.25
422537.25
422617.781
422707.5
422807.312
422959.562
423148.906
423250.094
423463.625
423567.094
423757.375
423869.5
424054.5
424166.031
424325.156
424422.031
424523.219
424624.969
424717.688
424808.406
424900.875
424986.688
425039.219
425102.281
425162.625
425222.625
425294
425377.625
425472.938
425561.531
425658.469
425744.344
425820.594
425886.281
425954.812
426030.406
426128
426240.219
426339.344
426422.594
426502.469
426553.188
426615.281
426658.406
426693.188
426730
426760.344
426781.656
426800.812
426819.062
426837.719
426856.062
426896.531
426934.344
426976.938
427025
427113.875
427254.188
427343.875
427525.656
427723.844
427829.906
428048.125
428156.656
428387.781
428506.5
428723.312
428957.781
429069.031
429313.625
429406.312
429523.094
429738.625
429974.562
430082.781
430315.688
430547.5
430663.438
430907.625
431160.219
431270.344
431514.688
431764.562
431870.281
432099.688
432349.406
432458.344
432709.812
432826.75
433081.281
433186
433420.281
433527.062
433759.531
433998.125
434114.656
434338.656
434447.062
434657.125
434774.594
434992.781
435096.906
435300.125
435405.5
435595.312
435700.906
435914.375
436015.094
436111.906
436326.094
436411.25
436643.688
436755.156
436972.219
437082.094
437324.375
437437.5
437677.625
437926.344
438037.281
438275.75
438507.281
438771.344
438884.062
439142.406
439264.75
439544.062
439658.875
439902.125
439990.531
440186.125
440435.062
440551
440821
440928.062
441198.719
441315.312
441539.781
441787.25
441910.969
442164.844
442290.969
442560.906
442671.094
442887.562
443144.625
443257.969
443527.969
443640.969
443891.75
443999.281
444238.688
444350.344
444604.031
444725.281
444980.281
445096.031
445332.938
445443.625
445691.219
445804.531
446059.531
446177.344
446415.062
446527.062
446764.531
446870.344
447089.062
447179.875
447290.188
447492.938
447602.938
447832.906
447946.531
448152.531
448260.656
448486.375
448595.906
448818.969
448935.031
449176.438
449286.094
449534.094
449642.969
449886.031
450002.219
450251.031
450370.906
450650.906
450759.344
450981.156
451088.094
451309.281
451416.625
451642.75
451748.281
451856.875
452056.688
452167.938
452357.625
452465.594
452703.344
452811.594
453030.531
453283.812
453388.281
453632.469
453746.781
453989.312
454238.719
454350.125
454610.656
454732.438
454980.969
455232.125
455498.656
455614.656
455864.438
455979.906
456223.312
456347.156
456580.094
456826.969
456940.969
457183.5
457300.562
457558.438
457661.969
457873.281
457981.031
458217.031
458327.469
458547.344
458791.938
458898.625
459143.062
459260.219
459513.875
459782.875
459897.656
460160
460282.875
460564.312
460680.312
460938.188
461059
461325.531
461440.594
461684.906
461798.5
462037.906
462146.719
462399.188
462515.312
462742.562
462867.5
463109.25
463350.781
463457.375
463669.688
463782.562
464045.906
464145.5
464372.75
464478.219
464699.688
464814.938
464913.75
465017.625
465178.812
465281.812
465497.344
465595.75
465827.469
465926.75
466146.281
466249.344
466471.125
466569.719
466666.469
466764.406
466900.469
467105.469
467217.938
467429.844
467537.781
467769.719
467885.781
468118.438
468238.25
468489.656
468754.594
468861.656
469168.906
469271.844
469518.5
469631.438
469850.312
469966.219
470214.5
470332.844
470573.031
470848.438
470964.75
471232.688
471342.812
471592.469
471707.875
471956
472066.156
472323.406
472447
472731.812
472839.812
473104.125
473223.281
473487.469
473603.469
473853.875
474119.844
474234.062
474489.312
474601.719
474855.062
474976.781
475285.125
475394.031
475637.562
475901.188
476022.844
476280.156
476399.562
476662.094
476926.906
477041.031
477270.625
477375.812
477604.5
477714.969
477968.094
478081.625
478356.281
478464.562
478739.094
478853.281
479121.406
479243.531
479507
479624.656
479862.594
480142.812
480249.812
480536.719
480650.062
480821.719
480925.469
481113.25
481210.531
481424.844
481532.25
481767.312
481877.969
482104.438
482212.25
482317.031
482547.562
482653.906
482854.844
482956.844
483165.781
483280.156
483478.375
483579.156
483687.562
483814.844
483937.969
484083.344
484175.438
484266.031
484344.156
484419.812
484490.75
484524.875
484560.625
484595.812
484630.875
484667.406
484705.281
484736.688
484771.5
484811.812
484854.688
484900.625
484948.875
485003.469
485063.562
485126.344
485176.875
485233.281
485288.406
485342.406
485398
485456.812
485526.469
485611.062
485699.938
485786.406
485881.281
485962.75
486026.281
486107.469
486214.938
486376.656
486466.531
486547.75
486655.344
486760.344
486939.812
487041.719
487234.719
487339.875
487450.062
487543.125
487641.375
487717.656
487779.469
487859.188
487922.125
487992
488091.656
488177.188
488254.969
488336.719
488406.375
488477.25
488558.969
488638.906
488736.125
488840.188
488932.438
489019.125
489084.031
489146.094
489186.969
489221.5
489253.906
489287.906
489317.781
489350.312
489386.188
489422.094
489463.5
489510.969
489592.969
489659.781
489736.688
489833.688
489922.312
489992.969
490066.688
490133.625
490197.094
490261.031
490340.031
490403.562
490467.562
490513.75
490552.562
490586.5
490617.562
490647.281
490678.094
490710.031
490738.906
490768.75
490795.906
490819.281
490840.031
490862.688
490889.5
490917.625
490950.219
490987.156
491028.562
491070.219
491118.562
491171.625
491228.094
491288.75
491341.625
491389.094
491430.094
491466.625
491489.75
491511.031
491534.281
491556.625
491578.562
491602.688
491627.562
491655.812
491687.406
491723.938
491765.344
491812.688
491916.625
491976.094
492038.688
492108.75
492189.875
492264.938
492325.281
492364.406
492403.75
492437.75
492479.938
492524.688
492614
492697.406
492765.531
492839.656
492926.656
493001.812
493108.062
493261
493424.406
493514.062
493600.125
493741.469
493909.719
494004
494076.312
494158.531
494231.469
494328.312
494399.844
494478.656
494533.375
494591.312
494670.531
494802.125
494910.375
495010.062
495204.844
495416.906
495529.438
495753.656
495863.844
496060.375
496268.375
496479.625
496601.312
496820.031
497068.281
497177.75
497371.969
497591.156
497821.406
497934.156
498153.031
498404.406
498522.562
498762.219
499007.406
499135.688
499367.938
499623.281
499739.406
499967
500209.344
500324.188
500544.406
500787.844
500908.312
501148.781
501272.125
501508.594
501737.906
501857.594
502002.844
502236.906
502453.5
502578.312
502814.562
502929.969
503155.312
503269.5
503481.375
503594.844
503797.5
503917.812
504138.75
504263.031
504513.344
504752.875
504875.406
505114.688
505232.875
505451.812
505556.625
505769.531
505880.938
506091.469
506203.75
506376.938
506536.469
506636.875
506744.281
506857.938
506987.469
507083.469
507189.875
507299.781
507411.125
507534.656
507699.25
507795.312
507881.906
507970.125
508033.531
508094.656
508143.125
508190.062
508235.188
508273.969
508311.844
508349.656
508387.062
508422.312
508457.844
508490.969
508522.719
508551.969
508580.375
508609.844
508639.5
508670.5
508702.781
508736.312
508769.844
508804.25
508838.781
508874.25
508910.719
508949.188
508987.438
509027.719
509070.438
509117.25
509165.375
509210.844
509255.25
509308.25
509354.625
509403.094
509455.094
509511.031
509672.719
509728.625
509784.375
509828.375
509869.156
509938.625
509969.781
510000.219
510031.5
510063.312
510096.625
510132.031
510170.219
510210.75
510255.094
510301.906
510349.844
510404.094
510460.969
510500.156
510550.969
510590.562
510633.5
510678.5
510725.562
510774.625
510827.344
510885.281
510949.625
511013.344
511076.625
511143.406
511210.688
511277.625
511338.281
511393.625
511447.156
511505.031
511567.625
511641.094
511701.281
511774.094
511843.875
511893.75
511956
512041.406
512142.406
512256.219
512327.281
512394.469
512447.219
512530.75
512622.531
512704.594
512754.938
512783.125
512820.281
512862.406
512919.75
512969.062
513033.125
513092.594
513151.656
513226.344
513315.656
513455.531
513616.344
513711.531
513792.781
513893.406
514018.406
514132
514224.781
514338.938
514516.781
514601.594
514696.656
514825.438
514908.594
515001.25
515071.531
515175.438
515239.656
515299.312
515348.906
515393.844
515427.969
515462.188
515491.312
515531.438
515580.969
515646.25
515708.25
515780.094
515838.375
515892.969
515923.094
515954.906
515984.969
516012.094
516037.781
516065.5
516090.375
516114.906
516141.719
516169.375
516199.375
516228.719
516256.5
516281.562
516306.781
516331.25
516354.5
516378.375
516400.562
516421.031
516440.094
516460.031
516482.906
516506.438
516530.562
516558.094
516587.312
516618.219
516649.375
516683.5
516716.781
516748.688
516784.5
516825.438
516867.156
516912.094
516961.844
517018.75
517077.219
517142.031
517207.156
517273.812
517352.156
517425.281
517503.438
517614.438
517707.219
517816.5
517946.5
518102.688
518273.75
518375.875
518544
518653.688
518816.75
518996.938
519099.75
519296.531
519394.75
519551.344
519756.531
519862.938
520067.594
520173.812
520370.188
520561.938
520676.656
520852.844
520957.375
521136.531
521330.781
521428.438
521611.844
521805.438
521906.062
522104.312
522217.5
522414.969
522524.438
522728.25
522843.844
523058.375
523272.781
523499.844
523621.312
523833.281
524068.438
524167.219
524291.75
524510.5
524639.625
524863.438
525095.188
525340.188
525456.812
525630.625
525854.812
526066.125
526184.25
526379.688
526503.188
526697.438
526914.438
527034.188
527247.688
527350.938
527511
527685.062
527785.375
527982.312
528104.938
528296.625
528411.062
528606.062
528800.062
529036.5
529145.062
529357.25
529469.688
529698.688
529804.438
530000.375
530107.938
530299.688
530425.75
530629.25
530841.375
530953.438
531148.938
531262.75
531454.625
531568.062
531760.688
531873.438
532077
532188
532402.188
532514.688
532728.5
532833.688
533045.375
533154.562
533385.562
533484.562
533601.5
533816.312
534016.125
534130.438
534232.938
534332.312
534467.938
534565.312
534667.125
534839.688
534940.875
535136
535244
535462.75
535570.688
535762.188
535980
536092.5
536290.875
536396.188
536587.812
536702.125
536924.5
537032.438
537258.438
537356.375
537545.75
537654.625
537817.25
538014.938
538124.875
538356.438
538473.625
538695.062
538928.25
539025.125
539140.625
539272.062
539478.562
539581.188
539716.875
539899.812
540010.688
540221.75
540325.062
540520.875
540635.125
540826.125
540928.125
541121.375
541219.5
541419.938
541523.375
541724.312
541836.25
542055.062
542164.875
542359.438
542573.688
542806.5
542917.375
543158.625
543253.812
543391.125
543594.875
543817.375
543935.188
544187.562
544303.5
544546.25
544665.438
544896.188
545014.875
545273.938
545378.438
545620.625
545733.062
545970.812
546076.062
546192.062
546401.5
546510.312
546758
546862.062
547104.625
547202.625
547408.938
547523.375
547752.312
547856.625
548111.938
548207.562
548420.812
548532.5
548750.75
548853.375
548998
549089.625
549183.938
549261.5
549339.188
549410.125
549475.562
549541.25
549602.438
549661.188
549719.438
549771.375
549822.5
549870.25
549921.25
549963.688
550006.062
550038.875
550072.938
550106.625
550139.562
550173.562
550206.75
550240.5
550275.125
550310.562
550348.125
550388.438
550428.438
550470.688
550512
550554.75
550599.562
550646.438
550694.062
550744.5
550796.5
550846.625
550897.375
550948.688
550999.438
551056.062
551111.938
551164.375
551217
551277.875
551344.062
551412.938
551476.562
551546.875
551617
551690.562
551760.688
551829.375
551886.5
551939.188
551991.438
552042
552097.5
552157.125
552217
552277.5
552345.562
552414.25
552483
552548.562
552611.438
552671.875
552727.188
552773.5
552818.875
552869.125
552922.188
552976.812
553030.5
553083.938
553130.938
553182.812
553239.25
553305.562
553376.375
553450.75
553526.438
553607.625
553689
553768.75
553849.375
553931.062
554012
554091.5
554154.562
554220.25
554289.75
554365.375
554447.312
554525.375
554608.125
554687.875
554771.25
554859.25
554934.25
554996.562
555058.25
555126.562
555205.688
555300
555404.562
555512.438
555619
555722.812
555837.062
555914.5
555985.812
556072.625
556143.25
556205.562
556264.562
556322.062
556386.125
556450.625
556514.5
556587.75
556634.875
556696.25
556731.812
556774.688
556834.062
556915.938
557009.875
557137.938
557271.625
557403.438
557561.438
557648.562
557754.875
557848.375
557946.75
558027.812
558167.938
558334.875
558517.438
558613.5
558778.688
558901.5
559062.812
559161.938
559302.875
559497.062
559592.375
559798.25
559906.562
560120.75
560223.688
560326.812
560528.312
560630.25
560824
560938.438
561145.562
561355.5
561464
561674.125
561778.438
561981.5
562185.625
562304.188
562518.625
562626.625
562859.25
562959.75
563179.812
563392.812
563627.188
563736.312
563964.062
564169.812
564278.688
564502.625
564617.5
564850.875
564978.062
565205.5
565431.562
565542.188
565772.25
566012.625
566225.25
566330
566557.562
566659.438
566886.875
566983.312
567091.5
567253.25
567348.5
567537.938
567646.312
567792.875
567920.188
568066.188
568151.625
568236.812
568303.875
568375.688
568447.25
568529.5
568607.062
568687.25
568778.188
568876
568942.312
568987.938
569026
569057.312
569085.562
569108.812
569129.062
569148
569167.062
569185.125
569203.625
569222.125
569241.562
569261.75
569291.75
569324.938
569360.625
569401.125
569445.625
569543.188
569690
569780.812
569953.062
570059.75
570212.875
570385.5
570518.688
570618.25
570747.375
570928.25
571033
571143
571234.25
571314.562
571394.125
571452.938
571504.688
571544.625
571586.875
571629.125
571674
571720
571766.5
571818.375
571905
572005.75
572109.562
572254.688
572414.312
572491.438
572573.5
572659.438
572759.625
572840.812
572910.5
572985.125
573066.5
573169.125
573253.875
573331.938
573386.25
573456.188
573513.188
573553.188
573594.062
573631.125
573688.062
573758.875
573881
574064.125
574154.875
574264.688
574407.5
574528.75
574703.812
574822.875
574985.5
575086.438
575297.5
575396.75
575555.625
575664.75
575838.062
575916.312
576016.5
576217.875
576308.75
576433.625
576607.938
576716.5
576899.812
576990.875
577099.5
577159.188
577209.312
577271.5
577342.875
577431.812
577524.562
577611
577694.688
577742.25
577777.5
577807.312
577833.125
577858.375
577883.625
577909.062
577934.25
577959.375
577985.75
578012.25
578039.5
578066.875
578094.875
578122.875
578151.5
578180.75
578210.625
578240.938
578272.125
578304.062
578336.812
578370.438
578404.375
578439
578474.562
578512.375
578549.812
578587.5
578626.375
578665.188
578704.438
578744.75
578785.5
578826.688
578868.438
578911.062
578954.688
578998.938
579043.75
579088.625
579134.188
579179.312
579222.062
579266.188
579310.938
579355.062
579399.625
579444.312
579490.312
579537.125
579583.875
579633.062
579683.938
579734.688
579787.625
579840.812
579895.188
579948
579999.812
580050.875
580102.75
580153.188
580206.062
580256.75
580304.125
580349.875
580392.812
580430.625
580465.75
580499.312
580531.5
580563.688
580595.875
580628.5
580662.188
580696.812
580732.25
580768.75
580805.188
580841.875
580879.938
580918.5
580956.688
580994.562
581032.25
581070.75
581110.25
581150.5
581192.25
581236.062
581280.188
581326.188
581373.875
581423.812
581475.562
581530
581588
581647.188
581709.312
581772.812
581837.25
581905.5
581973.25
582045.312
582121.688
582203.312
582288.75
582374.375
582457.688
582549.75
582646.312
582737.625
582837.875
582936
583033.375
583155.25
583275.688
583394.312
583500.562
583630.125
583775.562
583938.125
584102.688
584288.5
584398.375
584569.562
584705.438
584866.938
584975.375
585094.938
585276.125
585378.438
585541.875
585640.5
585831.062
585940.438
586070.875
586273.938
586367.812
586572.312
586677.688
586875.125
587070.812
587169.688
587349.438
587486.438
587603.125
587741.375
587919.438
588078.375
588273.938
588499.25
588596.688
588832.125
588934.062
589144.062
589242.562
589332.062
589461.812
589655.25
589762.625
589973.188
590071.688
590266.625
590361.812
590511.5
590675.25
590779.688
590906.625
591026.562
591122.375
591206.688
591274.5
591328.5
591376.938
591421.562
591466.125
591513.312
591558.188
591602.812
591647.625
591692.625
591739.375
591786.875
591835.812
591887.625
591941.812
591992.188
592036.25
592079.438
592118.625
592153.625
592185.875
592217.875
592250.75
592284.375
592319.062
592354.062
592390.438
592426.938
592464.562
592503.875
592544.625
592587.438
592632.812
592680.812
592731.312
592783.5
592841.312
592897.875
592955.375
593017.25
593079.562
593140.375
593197.688
593252.688
593308.25
593362.562
593417.688
593469.125
593526.125
593587.625
593647.25
593726
593775.25
593817.5
593849.312
593876
593902.062
593926.188
593950.812
593976.75
594004.25
594032.875
594062.188
594092.938
594125.125
594159.062
594194.312
594230.875
594269.25
594309.812
594352.312
594399.125
594447.062
594499.875
594555.375
594614.188
594677
594741.188
594809.312
594886.125
594964.562
595052.188
595149.625
595242.375
595346.75
595455.75
595559.438
595638.812
595766.5
595911.5
596002.938
596037.5
596077.25
596110.25
596141.312
596169.688
596199.375
596231.375
596265.125
596302.125
596337.5
596379.625
596430
596495.562
596569.75
596646.812
596730.375
596817.188
596892
596962.75
596990.812
597017.812
597044.938
597071.125
597096.5
597127.562
597165.438
597206.812
597255.875
597322.938
597402.375
597498.5
597599.5
597717.5
597839.312
597974.125
598074
598173
598273.062
598352.938
598420.125
598484.375
598566.812
598697.188
598788.875
598876.938
598992.688
599069.062
599236
599411.688
599512.812
599656.375
599844.375
599946.875
